100 2498
1 2 138
1 8 485
1 13 353
1 14 9
1 16 484
1 17 23
1 21 213
1 24 438
1 25 239
1 26 33
1 29 264
1 30 184
1 32 169
1 33 422
1 37 60
1 40 400
1 42 320
1 43 248
1 44 56
1 47 307
1 49 25
1 51 66
1 53 174
1 54 490
1 55 477
1 56 167
1 59 233
1 60 428
1 61 433
1 66 411
1 67 387
1 68 427
1 71 254
1 72 164
1 73 414
1 74 420
1 75 460
1 81 73
1 85 102
1 87 290
1 89 41
1 95 60
1 97 491
1 99 451
1 100 278
2 3 292
2 4 325
2 8 465
2 13 126
2 14 28
2 15 109
2 20 150
2 23 479
2 25 89
2 26 271
2 29 441
2 30 294
2 31 339
2 36 206
2 40 204
2 41 64
2 44 491
2 45 286
2 46 421
2 47 337
2 48 409
2 50 283
2 52 233
2 53 399
2 57 137
2 58 368
2 66 90
2 69 380
2 71 218
2 74 64
2 75 48
2 78 107
2 79 6
2 80 102
2 87 256
2 89 387
2 90 31
2 93 263
2 95 64
2 96 59
2 98 218
2 99 239
2 100 37
3 5 465
3 7 430
3 8 82
3 10 350
3 15 124
3 16 373
3 18 214
3 19 357
3 20 234
3 21 356
3 23 170
3 24 278
3 25 316
3 26 65
3 31 485
3 34 316
3 36 467
3 38 181
3 40 283
3 42 416
3 43 270
3 45 326
3 47 246
3 48 197
3 52 130
3 54 113
3 55 327
3 58 173
3 59 65
3 60 469
3 62 91
3 65 49
3 66 451
3 70 256
3 71 53
3 72 375
3 73 42
3 75 368
3 77 415
3 78 359
3 79 275
3 80 252
3 82 31
3 83 436
3 85 165
3 86 185
3 88 441
3 90 97
3 92 415
3 93 283
3 98 419
3 100 26
4 7 293
4 15 343
4 20 329
4 24 260
4 25 461
4 26 146
4 27 379
4 30 172
4 32 108
4 33 68
4 36 229
4 39 367
4 42 383
4 43 85
4 44 388
4 47 143
4 51 184
4 53 355
4 54 383
4 57 447
4 58 489
4 61 92
4 62 122
4 63 298
4 65 161
4 69 325
4 70 56
4 71 167
4 72 153
4 76 327
4 78 1
4 81 416
4 83 38
4 84 49
4 86 319
4 87 19
4 88 57
4 89 169
4 91 3
4 94 195
4 95 73
4 96 34
4 100 28
5 7 221
5 8 251
5 11 355
5 15 450
5 20 174
5 21 64
5 24 479
5 26 497
5 29 369
5 31 120
5 32 252
5 36 418
5 37 138
5 38 283
5 43 68
5 45 236
5 46 415
5 47 481
5 48 490
5 49 464
5 50 29
5 53 351
5 55 445
5 56 119
5 57 142
5 58 52
5 59 151
5 60 21
5 62 218
5 63 124
5 65 39
5 67 77
5 69 318
5 70 373
5 73 282
5 74 7
5 76 403
5 77 320
5 79 97
5 80 208
5 82 153
5 89 140
5 90 265
5 91 257
5 92 450
5 93 32
5 97 20
6 8 376
6 9 265
6 12 161
6 13 189
6 14 133
6 15 448
6 16 115
6 17 455
6 19 427
6 20 327
6 22 221
6 23 298
6 27 387
6 30 466
6 33 134
6 36 45
6 38 61
6 39 302
6 41 165
6 42 338
6 43 381
6 45 399
6 46 377
6 48 79
6 50 45
6 51 353
6 52 216
6 53 357
6 54 310
6 56 370
6 58 204
6 60 364
6 61 391
6 62 299
6 63 421
6 68 195
6 70 68
6 72 420
6 74 186
6 75 468
6 78 143
6 80 346
6 81 100
6 82 229
6 83 11
6 84 223
6 85 2
6 89 71
6 94 421
6 95 60
6 98 238
6 99 184
6 100 26
7 8 91
7 9 285
7 13 10
7 18 193
7 19 182
7 20 253
7 21 280
7 22 51
7 32 494
7 33 124
7 34 105
7 35 82
7 38 322
7 41 176
7 45 321
7 46 38
7 49 275
7 50 452
7 53 250
7 55 45
7 57 404
7 58 495
7 59 249
7 62 164
7 63 152
7 64 159
7 69 355
7 72 135
7 74 192
7 76 263
7 77 458
7 79 362
7 81 469
7 83 252
7 85 67
7 87 417
7 88 19
7 90 327
7 91 370
7 92 199
7 93 154
7 94 170
7 96 405
7 100 468
8 9 392
8 13 110
8 14 450
8 16 468
8 17 116
8 18 468
8 20 444
8 23 466
8 24 237
8 25 293
8 28 295
8 29 462
8 30 249
8 32 136
8 33 169
8 34 188
8 35 160
8 37 390
8 38 406
8 39 24
8 40 364
8 42 331
8 45 220
8 46 395
8 49 30
8 50 232
8 51 405
8 52 477
8 53 442
8 55 408
8 57 489
8 60 128
8 61 475
8 62 389
8 66 262
8 67 236
8 70 358
8 74 338
8 78 358
8 79 382
8 82 90
8 84 483
8 85 53
8 89 418
8 93 485
8 95 118
8 98 378
8 99 10
8 100 397
9 11 57
9 12 327
9 13 473
9 15 234
9 18 483
9 20 402
9 21 52
9 23 82
9 26 66
9 31 497
9 37 162
9 39 14
9 41 496
9 42 106
9 43 116
9 45 445
9 46 368
9 48 78
9 49 51
9 53 395
9 54 389
9 55 336
9 57 468
9 60 441
9 61 348
9 63 241
9 74 67
9 76 239
9 78 23
9 83 151
9 84 155
9 87 235
9 88 261
9 90 62
9 91 39
9 92 317
9 93 406
9 95 200
9 96 347
9 97 205
9 98 199
9 99 338
10 11 266
10 14 36
10 16 342
10 17 278
10 18 107
10 19 428
10 20 395
10 22 6
10 24 468
10 25 231
10 28 441
10 31 176
10 32 284
10 33 240
10 34 331
10 35 336
10 36 250
10 37 187
10 38 175
10 39 149
10 44 77
10 45 375
10 46 61
10 48 3
10 49 380
10 51 362
10 52 113
10 54 221
10 56 108
10 57 111
10 58 388
10 60 314
10 61 351
10 62 304
10 64 241
10 67 80
10 72 215
10 73 283
10 76 383
10 80 396
10 82 210
10 84 472
10 87 31
10 88 472
10 90 137
10 91 114
10 92 471
10 93 308
10 96 275
10 97 197
10 99 47
10 100 128
11 14 388
11 15 37
11 16 349
11 18 266
11 21 276
11 23 412
11 25 466
11 26 234
11 29 333
11 30 113
11 32 309
11 33 229
11 34 391
11 36 57
11 37 74
11 39 117
11 40 250
11 43 427
11 45 278
11 46 168
11 47 204
11 49 94
11 52 244
11 54 413
11 56 469
11 58 164
11 60 439
11 61 311
11 70 362
11 71 480
11 72 255
11 74 499
11 77 103
11 79 18
11 80 378
11 81 309
11 82 367
11 87 291
11 88 139
11 90 1
11 91 47
11 94 91
11 95 31
11 97 133
11 98 351
11 99 322
12 13 408
12 16 129
12 17 496
12 21 402
12 22 304
12 23 92
12 25 493
12 27 25
12 28 351
12 29 159
12 30 362
12 34 308
12 35 472
12 36 415
12 39 225
12 40 305
12 41 208
12 49 172
12 50 368
12 51 266
12 53 473
12 55 281
12 57 495
12 58 472
12 60 474
12 63 207
12 64 438
12 67 100
12 68 60
12 72 40
12 73 467
12 76 349
12 78 122
12 80 87
12 82 387
12 83 217
12 85 202
12 87 430
12 88 258
12 89 176
12 93 234
12 95 478
12 96 368
12 98 304
12 100 54
13 15 123
13 17 73
13 18 102
13 21 231
13 23 267
13 28 163
13 29 100
13 31 212
13 34 125
13 39 149
13 40 18
13 42 347
13 46 105
13 49 370
13 52 296
13 54 285
13 55 434
13 56 306
13 59 239
13 63 453
13 65 168
13 66 295
13 67 131
13 68 397
13 69 391
13 70 4
13 74 284
13 76 266
13 78 349
13 79 400
13 80 270
13 82 73
13 84 482
13 86 8
13 88 415
13 91 21
13 92 71
13 96 422
13 97 69
13 98 326
13 99 342
14 20 422
14 21 12
14 22 331
14 26 412
14 28 482
14 29 320
14 30 144
14 33 184
14 34 89
14 37 370
14 39 282
14 41 6
14 43 115
14 44 482
14 48 351
14 50 171
14 52 413
14 53 379
14 54 67
14 55 178
14 56 201
14 59 107
14 60 28
14 63 480
14 66 368
14 67 70
14 69 420
14 70 210
14 71 319
14 74 478
14 76 223
14 78 423
14 79 375
14 83 154
14 86 461
14 89 398
14 91 370
14 92 97
14 99 97
14 100 63
15 18 373
15 19 284
15 20 108
15 21 244
15 22 140
15 27 176
15 29 272
15 30 333
15 31 193
15 32 240
15 33 81
15 35 378
15 36 285
15 39 61
15 40 26
15 41 234
15 42 460
15 45 262
15 48 61
15 50 488
15 52 6
15 54 222
15 55 253
15 57 59
15 58 62
15 59 350
15 61 362
15 64 143
15 66 209
15 67 166
15 68 273
15 70 71
15 77 390
15 80 28
15 82 198
15 85 316
15 86 44
15 87 65
15 90 217
15 91 319
15 94 338
15 95 170
15 96 41
15 99 376
15 100 446
16 17 289
16 24 270
16 25 497
16 26 495
16 28 24
16 29 93
16 30 147
16 33 171
16 35 157
16 36 130
16 39 290
16 42 62
16 43 473
16 44 335
16 46 333
16 50 307
16 56 213
16 58 43
16 59 499
16 60 165
16 64 352
16 69 13
16 71 449
16 72 416
16 73 280
16 75 183
16 77 395
16 78 63
16 79 227
16 81 2
16 82 391
16 83 140
16 85 491
16 86 460
16 88 23
16 91 80
16 92 57
16 93 406
16 94 232
16 97 261
17 18 283
17 20 189
17 22 384
17 23 137
17 26 367
17 27 72
17 28 61
17 29 120
17 30 104
17 32 469
17 33 342
17 36 206
17 38 31
17 39 313
17 41 475
17 43 319
17 46 279
17 51 68
17 55 258
17 56 257
17 57 212
17 58 233
17 59 271
17 60 427
17 62 180
17 64 276
17 65 225
17 66 400
17 67 266
17 71 385
17 72 390
17 73 183
17 74 170
17 76 410
17 78 458
17 80 499
17 83 152
17 84 97
17 86 321
17 88 27
17 89 361
17 93 473
17 95 156
17 97 185
17 99 225
17 100 21
18 19 492
18 20 349
18 21 342
18 22 371
18 25 352
18 27 213
18 32 49
18 34 475
18 35 241
18 36 305
18 37 355
18 40 124
18 42 119
18 43 243
18 46 259
18 49 189
18 52 306
18 53 240
18 54 278
18 55 107
18 57 91
18 58 280
18 59 484
18 62 362
18 67 337
18 68 314
18 69 486
18 70 164
18 73 268
18 76 271
18 78 70
18 81 189
18 85 374
18 86 266
18 87 275
18 89 389
18 91 387
18 94 127
18 99 295
19 20 204
19 21 141
19 22 464
19 25 4
19 26 262
19 28 282
19 32 11
19 34 356
19 35 388
19 36 156
19 37 461
19 38 472
19 39 359
19 40 238
19 41 26
19 42 468
19 45 435
19 47 352
19 50 487
19 51 10
19 54 409
19 57 398
19 59 42
19 61 179
19 63 183
19 65 428
19 66 330
19 67 304
19 68 242
19 69 419
19 70 66
19 73 357
19 75 174
19 76 328
19 78 148
19 79 210
19 82 286
19 83 253
19 85 83
19 88 370
19 89 388
19 93 327
19 95 42
19 96 257
19 98 86
19 100 11
20 22 336
20 24 399
20 26 390
20 27 76
20 31 488
20 32 264
20 33 305
20 34 456
20 35 106
20 37 203
20 40 86
20 41 419
20 42 461
20 43 98
20 45 265
20 49 51
20 51 261
20 53 66
20 55 101
20 57 39
20 60 342
20 61 401
20 63 141
20 65 98
20 68 300
20 69 252
20 71 25
20 72 345
20 75 338
20 76 107
20 79 387
20 83 38
20 85 436
20 89 253
20 91 53
20 94 242
20 96 87
20 97 78
20 98 291
21 23 108
21 24 145
21 25 92
21 27 29
21 28 49
21 29 159
21 33 412
21 34 312
21 35 327
21 36 296
21 37 236
21 39 200
21 41 312
21 42 20
21 45 91
21 51 187
21 54 13
21 55 130
21 56 271
21 59 301
21 62 464
21 64 48
21 66 17
21 68 354
21 69 269
21 70 461
21 71 231
21 73 54
21 81 136
21 84 142
21 85 365
21 87 190
21 89 207
21 90 179
21 93 78
21 95 281
21 96 211
21 97 399
21 98 11
21 99 221
21 100 153
22 23 23
22 26 196
22 27 425
22 28 347
22 30 409
22 31 208
22 33 63
22 34 100
22 36 310
22 37 85
22 39 102
22 40 216
22 43 363
22 44 56
22 45 485
22 47 111
22 48 315
22 49 261
22 52 362
22 55 16
22 56 461
22 57 154
22 58 478
22 59 167
22 60 395
22 64 433
22 65 441
22 67 112
22 69 372
22 70 5
22 73 178
22 77 226
22 79 481
22 85 220
22 87 101
22 89 385
22 90 489
22 91 346
22 94 146
22 98 43
22 99 436
22 100 267
23 26 480
23 27 329
23 30 211
23 34 30
23 36 154
23 37 131
23 38 458
23 39 13
23 40 479
23 42 415
23 43 199
23 49 77
23 50 414
23 53 220
23 56 386
23 58 294
23 59 87
23 60 158
23 62 489
23 64 490
23 65 492
23 68 45
23 70 72
23 71 483
23 72 286
23 73 177
23 74 296
23 77 135
23 80 397
23 81 180
23 85 481
23 86 96
23 87 468
23 88 242
23 89 212
23 90 425
23 91 426
23 94 107
23 96 225
23 97 125
23 99 357
24 26 11
24 27 440
24 32 450
24 34 192
24 35 460
24 36 438
24 39 275
24 40 323
24 43 136
24 45 467
24 46 418
24 47 249
24 49 484
24 50 59
24 51 7
24 54 421
24 55 313
24 58 480
24 59 423
24 62 305
24 63 240
24 64 348
24 67 433
24 68 58
24 69 274
24 70 233
24 73 256
24 74 44
24 75 304
24 76 483
24 77 150
24 78 142
24 80 446
24 82 302
24 84 68
24 85 470
24 86 30
24 88 224
24 89 399
24 90 21
24 92 276
24 96 34
24 97 288
24 99 429
24 100 16
25 26 352
25 28 197
25 30 145
25 31 200
25 32 53
25 34 286
25 35 306
25 39 136
25 40 202
25 41 244
25 42 140
25 43 293
25 44 105
25 45 358
25 46 120
25 47 380
25 50 469
25 53 101
25 54 380
25 55 492
25 57 405
25 60 112
25 62 226
25 64 20
25 66 441
25 67 65
25 68 64
25 70 326
25 73 100
25 75 356
25 77 126
25 80 309
25 81 9
25 82 313
25 83 265
25 84 175
25 85 328
25 89 304
25 93 445
25 95 242
25 96 122
25 97 243
25 98 255
25 99 398
25 100 60
26 28 186
26 29 319
26 31 424
26 37 279
26 38 255
26 39 382
26 41 499
26 42 476
26 45 71
26 46 128
26 49 316
26 51 231
26 52 136
26 55 258
26 60 39
26 63 55
26 67 321
26 68 183
26 69 53
26 70 64
26 71 21
26 75 160
26 77 418
26 78 54
26 79 59
26 83 108
26 84 25
26 85 21
26 86 242
26 87 431
26 88 495
26 90 142
26 91 361
26 93 49
26 96 151
26 99 8
27 28 399
27 29 323
27 32 404
27 33 366
27 34 257
27 35 44
27 38 83
27 39 89
27 41 228
27 42 178
27 47 413
27 49 421
27 50 51
27 51 263
27 52 166
27 54 310
27 56 396
27 57 197
27 58 18
27 59 35
27 60 13
27 63 416
27 64 137
27 67 492
27 68 161
27 69 202
27 70 189
27 71 84
27 74 455
27 75 266
27 76 202
27 77 385
27 78 135
27 79 25
27 80 346
27 82 152
27 85 295
27 86 328
27 95 304
27 98 266
27 99 304
28 30 308
28 35 4
28 36 497
28 37 122
28 39 336
28 41 35
28 44 41
28 46 123
28 47 15
28 49 155
28 50 207
28 52 15
28 53 31
28 54 152
28 55 417
28 56 381
28 59 142
28 61 247
28 62 187
28 63 172
28 66 481
28 67 254
28 69 460
28 70 271
28 72 79
28 74 462
28 75 156
28 78 51
28 84 309
28 87 313
28 88 186
28 92 319
28 93 334
28 95 2
28 96 187
28 97 217
28 100 440
29 33 234
29 34 340
29 35 266
29 36 45
29 40 257
29 41 408
29 45 493
29 49 92
29 50 446
29 51 126
29 53 155
29 54 425
29 55 168
29 56 318
29 57 286
29 58 293
29 61 474
29 62 171
29 64 441
29 66 57
29 68 449
29 69 18
29 70 227
29 75 296
29 78 443
29 81 148
29 84 128
29 85 472
29 92 386
29 93 205
29 94 131
29 95 19
29 97 92
29 98 86
29 99 196
30 32 116
30 35 95
30 40 343
30 41 222
30 44 455
30 47 118
30 48 433
30 51 363
30 52 264
30 54 158
30 55 49
30 57 168
30 58 153
30 59 234
30 60 212
30 66 377
30 68 471
30 69 125
30 70 429
30 73 140
30 76 104
30 77 193
30 78 403
30 80 414
30 82 148
30 83 124
30 87 45
30 89 177
30 91 383
30 92 221
30 94 276
30 95 125
30 96 23
30 97 205
30 100 340
31 33 265
31 36 125
31 39 415
31 40 225
31 41 154
31 43 38
31 45 169
31 51 444
31 53 161
31 55 274
31 57 31
31 58 47
31 59 61
31 61 285
31 65 353
31 66 487
31 67 56
31 69 183
31 70 398
31 73 288
31 74 265
31 77 147
31 79 332
31 82 417
31 84 388
31 87 329
31 88 52
31 89 412
31 90 334
31 91 139
31 98 203
32 33 78
32 34 410
32 35 31
32 36 382
32 37 142
32 38 193
32 39 10
32 41 199
32 43 286
32 47 99
32 50 31
32 55 266
32 57 344
32 58 442
32 59 297
32 60 12
32 61 434
32 62 308
32 64 190
32 65 68
32 66 344
32 67 17
32 68 320
32 69 285
32 70 377
32 71 483
32 72 103
32 74 126
32 75 183
32 78 258
32 79 63
32 82 160
32 84 299
32 86 315
32 91 451
32 93 467
32 94 25
32 96 234
32 97 8
33 35 395
33 37 91
33 40 489
33 41 119
33 42 43
33 43 171
33 44 218
33 46 6
33 47 462
33 52 6
33 53 259
33 54 250
33 55 178
33 58 14
33 59 374
33 60 12
33 61 453
33 62 199
33 63 130
33 65 428
33 67 61
33 72 161
33 74 189
33 76 389
33 79 185
33 80 236
33 82 466
33 87 251
33 89 353
33 92 213
33 93 459
33 94 386
33 95 117
33 99 426
34 35 266
34 37 199
34 40 340
34 41 470
34 42 54
34 48 184
34 49 423
34 51 382
34 52 281
34 53 164
34 59 54
34 61 92
34 62 273
34 63 277
34 64 372
34 65 131
34 66 240
34 67 412
34 70 208
34 71 133
34 73 75
34 74 484
34 77 430
34 78 453
34 79 397
34 80 34
34 88 112
34 89 141
34 90 335
34 92 467
34 93 368
34 96 340
34 97 461
34 98 380
34 100 56
35 40 401
35 41 301
35 42 206
35 43 265
35 44 68
35 49 240
35 50 243
35 51 282
35 55 299
35 57 291
35 58 100
35 60 2
35 62 18
35 63 337
35 64 122
35 66 371
35 67 60
35 68 294
35 71 60
35 73 167
35 75 360
35 77 173
35 78 329
35 80 399
35 82 174
35 85 463
35 88 417
35 90 417
35 93 65
35 98 134
35 99 454
35 100 57
36 39 195
36 41 476
36 42 202
36 43 73
36 44 185
36 51 75
36 53 429
36 54 104
36 56 15
36 60 402
36 61 426
36 63 333
36 65 35
36 67 458
36 68 105
36 69 348
36 70 156
36 71 228
36 72 130
36 73 195
36 75 209
36 76 159
36 78 62
36 79 403
36 81 236
36 82 270
36 83 77
36 84 7
36 85 268
36 87 334
36 89 63
36 91 151
36 92 149
36 93 494
36 95 470
36 96 156
37 38 101
37 39 321
37 40 86
37 42 131
37 43 60
37 48 97
37 50 24
37 52 179
37 55 417
37 57 231
37 58 399
37 60 497
37 61 210
37 63 340
37 66 332
37 67 387
37 68 316
37 69 31
37 70 11
37 71 19
37 76 234
37 84 64
37 86 169
37 87 200
37 89 88
37 91 207
37 93 217
37 96 168
37 100 154
38 39 367
38 41 52
38 42 476
38 43 42
38 44 284
38 45 72
38 49 20
38 51 61
38 52 474
38 54 419
38 55 138
38 56 22
38 58 166
38 60 218
38 63 178
38 66 190
38 67 203
38 70 324
38 74 180
38 77 113
38 83 290
38 85 38
38 88 487
38 92 27
38 93 389
38 96 366
38 97 184
39 41 84
39 49 423
39 53 110
39 56 19
39 58 20
39 60 385
39 61 471
39 62 298
39 64 381
39 65 301
39 66 14
39 71 417
39 72 226
39 74 190
39 75 211
39 76 403
39 81 125
39 83 422
39 85 81
39 90 202
39 92 240
39 94 243
39 95 248
39 97 236
39 99 210
39 100 445
40 41 92
40 42 276
40 43 269
40 45 349
40 46 93
40 47 344
40 48 414
40 50 431
40 51 256
40 55 378
40 59 6
40 60 150
40 62 203
40 64 88
40 67 52
40 68 316
40 69 381
40 71 313
40 72 45
40 75 150
40 76 449
40 77 120
40 78 220
40 79 236
40 80 50
40 81 314
40 82 332
40 84 14
40 87 163
40 90 171
40 92 75
40 93 398
40 94 482
40 95 277
40 97 496
41 44 81
41 45 39
41 46 300
41 47 65
41 50 412
41 51 195
41 53 47
41 54 360
41 55 109
41 56 449
41 57 241
41 60 451
41 61 487
41 62 231
41 63 310
41 64 297
41 65 48
41 66 273
41 68 46
41 71 313
41 73 485
41 74 52
41 76 292
41 77 196
41 78 109
41 79 365
41 81 362
41 83 436
41 84 181
41 85 328
41 86 116
41 88 438
41 89 433
41 90 35
41 94 426
41 96 9
41 97 431
41 99 87
41 100 292
42 46 452
42 48 450
42 49 295
42 51 188
42 52 460
42 54 393
42 57 435
42 59 75
42 61 283
42 62 459
42 64 251
42 65 251
42 67 480
42 69 53
42 70 120
42 72 357
42 73 495
42 77 480
42 78 117
42 79 494
42 80 393
42 81 88
42 82 251
42 83 140
42 85 53
42 86 390
42 87 34
42 89 51
42 91 470
42 94 374
42 96 98
43 44 354
43 46 105
43 47 454
43 49 284
43 52 397
43 53 497
43 54 85
43 55 195
43 56 403
43 57 372
43 59 247
43 60 64
43 61 418
43 62 37
43 64 162
43 66 126
43 68 157
43 71 408
43 73 405
43 81 304
43 84 192
43 85 392
43 86 473
43 87 447
43 88 457
43 90 392
43 92 469
43 93 213
43 94 133
43 95 427
43 99 198
44 45 471
44 46 212
44 48 381
44 50 435
44 56 276
44 59 292
44 61 282
44 63 243
44 64 77
44 70 352
44 71 302
44 73 16
44 76 459
44 78 13
44 79 112
44 80 174
44 83 303
44 84 118
44 86 225
44 90 106
44 91 381
44 92 122
44 93 134
44 97 162
45 47 76
45 51 117
45 58 488
45 61 127
45 63 38
45 64 85
45 67 212
45 68 487
45 69 39
45 71 63
45 72 123
45 75 4
45 76 109
45 77 236
45 79 225
45 80 362
45 82 224
45 84 63
45 85 121
45 86 365
45 90 474
45 91 144
45 94 391
45 95 115
45 97 351
45 98 160
46 47 3
46 51 363
46 57 373
46 60 227
46 61 194
46 62 324
46 63 249
46 65 100
46 66 23
46 67 450
46 68 10
46 69 123
46 71 486
46 72 13
46 78 197
46 86 109
46 89 398
46 92 254
46 93 343
46 94 223
46 95 3
46 96 163
46 99 358
46 100 100
47 48 54
47 49 357
47 52 246
47 56 124
47 58 147
47 64 268
47 66 4
47 67 262
47 69 139
47 71 232
47 72 46
47 73 166
47 74 28
47 75 423
47 77 381
47 78 99
47 79 269
47 80 269
47 81 255
47 82 409
47 83 317
47 85 224
47 89 415
47 92 244
47 95 239
47 98 427
47 99 417
47 100 118
48 50 164
48 52 478
48 53 402
48 54 130
48 56 244
48 57 359
48 60 187
48 65 13
48 72 272
48 78 294
48 79 19
48 80 108
48 82 51
48 83 122
48 87 134
48 89 472
48 90 210
48 91 481
48 93 31
48 94 137
48 99 458
48 100 416
49 50 215
49 51 116
49 53 352
49 57 105
49 58 442
49 59 76
49 60 378
49 63 181
49 64 375
49 65 451
49 66 423
49 70 77
49 71 416
49 72 143
49 80 142
49 81 259
49 83 478
49 84 250
49 87 378
49 88 433
49 89 119
49 92 34
49 93 23
49 94 278
49 97 284
49 98 19
50 52 16
50 54 109
50 56 358
50 57 151
50 59 403
50 60 311
50 62 345
50 66 211
50 67 80
50 68 421
50 71 459
50 72 304
50 74 412
50 75 154
50 78 102
50 80 51
50 82 295
50 83 417
50 85 394
50 93 370
50 95 280
50 99 101
51 54 467
51 55 73
51 58 367
51 60 485
51 61 435
51 62 478
51 64 15
51 67 6
51 68 466
51 71 83
51 72 427
51 73 342
51 74 73
51 77 280
51 78 428
51 79 189
51 82 133
51 83 276
51 84 326
51 85 100
51 94 260
51 95 168
51 96 449
51 97 36
51 99 299
51 100 324
52 53 260
52 54 13
52 58 217
52 60 316
52 61 256
52 62 36
52 66 443
52 67 298
52 68 182
52 74 357
52 76 416
52 78 239
52 79 58
52 81 21
52 84 467
52 85 137
52 86 477
52 88 421
52 90 88
52 91 334
52 92 364
52 98 41
52 100 375
53 54 177
53 55 124
53 56 496
53 58 410
53 63 424
53 71 172
53 72 213
53 73 114
53 76 477
53 78 378
53 80 24
53 83 171
53 86 156
53 89 236
53 92 147
53 93 299
53 94 291
53 100 440
54 57 154
54 60 225
54 64 120
54 69 359
54 72 233
54 73 184
54 74 384
54 76 230
54 79 237
54 85 75
54 86 142
54 90 143
54 91 279
54 92 16
54 94 247
54 97 193
54 98 416
54 99 65
55 58 202
55 62 191
55 64 332
55 69 339
55 70 64
55 71 77
55 72 305
55 74 140
55 76 204
55 77 408
55 79 388
55 80 158
55 82 126
55 84 458
55 85 178
55 86 53
55 87 211
55 91 157
55 92 21
55 94 441
55 100 87
56 58 56
56 60 206
56 63 403
56 65 275
56 66 358
56 67 435
56 69 457
56 70 48
56 71 29
56 72 152
56 75 358
56 76 366
56 77 38
56 83 1
56 85 36
56 87 124
56 90 318
56 92 431
56 96 384
56 98 315
56 99 432
56 100 32
57 59 264
57 60 391
57 63 140
57 67 106
57 71 498
57 72 163
57 73 174
57 74 365
57 75 57
57 77 266
57 78 453
57 79 193
57 80 240
57 81 468
57 82 298
57 83 182
57 84 342
57 85 422
57 88 12
57 91 358
57 92 88
57 96 195
57 98 258
57 99 352
58 59 92
58 61 134
58 62 373
58 64 493
58 71 119
58 72 287
58 76 450
58 77 54
58 78 383
58 79 283
58 80 492
58 82 454
58 84 491
58 85 108
58 86 154
58 87 396
58 90 379
58 91 115
58 92 274
58 93 224
58 94 294
58 95 330
58 96 437
58 98 429
58 99 348
59 60 141
59 62 26
59 63 43
59 64 197
59 67 348
59 69 316
59 71 317
59 73 268
59 74 121
59 76 365
59 77 141
59 79 369
59 80 280
59 81 157
59 83 183
59 89 57
59 92 28
59 94 295
59 97 413
59 98 468
59 99 128
60 61 37
60 62 237
60 64 314
60 65 235
60 68 478
60 69 40
60 73 166
60 74 288
60 75 339
60 76 293
60 80 408
60 81 141
60 82 340
60 84 154
60 93 287
60 94 229
60 96 295
60 99 126
60 100 228
61 62 340
61 64 258
61 67 493
61 72 38
61 73 407
61 74 256
61 75 168
61 80 72
61 82 308
61 83 189
61 84 390
61 85 183
61 91 381
61 92 232
61 94 139
61 97 232
61 99 449
62 64 293
62 66 232
62 67 42
62 68 457
62 69 19
62 72 246
62 73 147
62 74 113
62 76 333
62 77 10
62 78 466
62 83 113
62 84 141
62 85 128
62 87 382
62 89 340
62 92 474
62 93 281
62 94 108
62 95 497
62 97 284
62 99 134
62 100 470
63 64 354
63 65 173
63 66 489
63 67 199
63 68 460
63 69 239
63 70 400
63 71 334
63 72 143
63 77 228
63 78 468
63 82 28
63 83 282
63 87 413
63 88 290
63 90 389
63 93 330
63 95 477
63 96 440
63 97 90
63 98 369
63 100 116
64 65 125
64 66 58
64 68 85
64 70 383
64 71 346
64 72 494
64 74 425
64 75 161
64 76 411
64 77 398
64 79 375
64 82 62
64 84 420
64 86 474
64 87 132
64 94 427
64 98 270
64 100 445
65 69 28
65 72 12
65 76 290
65 80 491
65 81 348
65 82 258
65 83 138
65 84 306
65 85 160
65 87 451
65 88 450
65 94 337
65 95 172
65 96 378
65 97 106
66 70 430
66 71 150
66 72 94
66 73 252
66 76 481
66 77 110
66 81 108
66 84 195
66 87 17
66 88 110
66 89 87
66 90 439
66 91 190
66 92 186
66 94 216
66 95 472
66 96 461
66 98 491
66 99 290
67 70 356
67 74 221
67 76 85
67 79 278
67 82 106
67 84 80
67 87 90
67 88 56
67 90 124
67 93 35
67 94 355
67 95 176
67 99 2
67 100 147
68 70 434
68 71 67
68 72 398
68 73 109
68 75 41
68 77 316
68 78 431
68 81 489
68 82 161
68 84 77
68 85 21
68 86 200
68 89 378
68 90 133
68 91 196
68 92 300
68 94 119
68 96 434
68 100 367
69 73 354
69 79 216
69 80 473
69 84 123
69 86 401
69 90 84
69 91 424
69 92 184
69 93 482
69 94 416
69 99 104
69 100 62
70 72 157
70 73 41
70 74 346
70 76 333
70 79 186
70 81 387
70 88 20
70 89 498
70 90 178
70 91 490
70 93 424
70 94 421
70 97 459
70 98 156
70 99 107
70 100 449
71 72 228
71 73 355
71 74 111
71 76 96
71 77 315
71 78 369
71 79 322
71 80 483
71 81 341
71 83 192
71 84 401
71 86 360
71 89 303
71 92 320
71 93 74
71 95 447
71 97 340
71 100 304
72 73 30
72 77 78
72 78 4
72 82 50
72 87 23
72 88 322
72 90 157
72 92 359
72 93 21
72 94 455
72 96 305
72 98 150
73 74 205
73 77 92
73 81 404
73 84 436
73 85 495
73 88 230
73 89 153
73 90 284
73 91 35
73 92 407
73 93 357
73 94 494
73 96 176
73 97 238
73 98 279
74 75 365
74 77 498
74 79 291
74 80 496
74 81 484
74 84 110
74 87 461
74 88 497
74 89 251
74 91 427
74 92 433
74 95 382
74 96 116
74 97 413
74 98 24
75 76 375
75 78 307
75 81 492
75 83 268
75 88 254
75 89 327
75 91 209
75 93 441
75 94 449
75 95 80
75 96 220
75 100 208
76 77 91
76 78 231
76 81 406
76 82 97
76 83 452
76 84 59
76 86 447
76 88 142
76 91 358
76 95 119
76 100 306
77 78 17
77 81 218
77 84 368
77 86 93
77 87 437
77 88 484
77 89 482
77 92 474
77 93 125
77 94 479
77 95 308
77 100 359
78 80 169
78 81 200
78 86 178
78 87 306
78 88 179
78 90 185
78 91 475
78 93 454
78 97 239
78 98 31
78 99 195
78 100 133
79 83 358
79 86 381
79 87 240
79 89 196
79 90 243
79 92 495
79 93 145
79 94 32
79 97 491
80 81 389
80 84 46
80 85 217
80 90 481
80 91 112
80 92 460
80 96 225
80 99 336
81 82 439
81 85 149
81 88 257
81 91 143
81 92 458
81 93 102
81 94 106
81 95 218
81 99 46
81 100 284
82 83 62
82 85 175
82 86 296
82 88 222
82 89 19
82 93 441
82 95 399
83 84 189
83 88 44
83 91 250
83 93 110
83 94 362
83 95 217
83 100 226
84 85 352
84 86 337
84 91 286
84 94 171
84 95 3
85 87 49
85 90 394
85 92 121
85 94 365
85 95 54
85 96 150
85 98 435
85 99 29
85 100 429
86 88 444
86 89 73
86 90 353
86 92 401
86 93 239
86 94 185
86 97 417
86 100 166
87 89 298
87 90 479
87 97 244
87 99 375
87 100 422
88 90 438
88 91 83
88 92 42
88 94 154
88 95 81
88 96 125
88 97 395
88 98 327
88 99 315
89 91 260
89 93 406
89 94 385
89 95 261
89 96 135
89 97 230
89 98 246
90 91 425
90 92 345
90 93 7
90 96 75
90 99 249
90 100 75
91 92 192
91 94 77
91 98 79
91 99 402
92 98 295
93 94 160
93 95 246
93 97 494
93 99 497
93 100 96
94 97 302
95 100 187
96 97 489
96 98 487
96 99 255
97 99 484
98 99 337
