100 2545
1 2 267
1 3 377
1 8 59
1 9 291
1 14 334
1 16 214
1 17 129
1 19 145
1 20 376
1 21 388
1 23 433
1 24 304
1 25 395
1 31 447
1 32 394
1 34 6
1 35 29
1 37 434
1 40 300
1 41 476
1 42 492
1 43 121
1 44 483
1 45 158
1 46 113
1 54 361
1 55 55
1 56 125
1 57 102
1 60 494
1 61 212
1 62 294
1 63 358
1 64 375
1 65 436
1 68 208
1 69 195
1 70 436
1 72 59
1 74 187
1 76 311
1 77 233
1 79 6
1 81 499
1 83 458
1 88 441
1 89 90
1 92 369
1 96 46
1 97 163
1 99 71
1 100 67
2 4 72
2 5 243
2 6 430
2 8 473
2 9 178
2 11 120
2 12 299
2 13 184
2 14 57
2 15 182
2 17 62
2 18 344
2 19 243
2 21 309
2 26 7
2 31 47
2 33 166
2 35 242
2 36 40
2 38 222
2 39 387
2 40 85
2 42 277
2 43 426
2 46 153
2 47 309
2 50 305
2 52 351
2 53 298
2 54 272
2 55 36
2 60 344
2 62 428
2 64 482
2 65 341
2 67 407
2 72 452
2 74 478
2 75 260
2 77 73
2 78 101
2 79 107
2 81 151
2 82 11
2 83 109
2 85 228
2 86 366
2 87 443
2 91 151
2 93 406
2 96 299
2 98 178
2 100 281
3 6 477
3 9 344
3 11 487
3 13 164
3 14 128
3 15 160
3 16 298
3 20 345
3 25 155
3 28 459
3 30 469
3 33 125
3 34 126
3 37 22
3 38 170
3 39 318
3 43 466
3 46 258
3 49 153
3 50 89
3 54 30
3 55 358
3 57 278
3 58 129
3 59 262
3 60 458
3 61 288
3 62 42
3 63 313
3 64 361
3 69 427
3 77 414
3 80 194
3 84 137
3 85 461
3 87 274
3 90 328
3 91 436
3 93 62
3 94 429
3 97 389
3 98 103
3 99 322
4 5 1
4 6 229
4 8 320
4 9 24
4 10 205
4 14 306
4 15 492
4 16 449
4 17 378
4 20 354
4 23 2
4 26 133
4 27 321
4 35 216
4 38 296
4 43 11
4 45 409
4 46 494
4 47 298
4 48 77
4 50 397
4 51 395
4 54 87
4 56 80
4 57 376
4 58 158
4 59 263
4 60 390
4 62 6
4 63 431
4 64 63
4 66 292
4 67 434
4 68 369
4 69 431
4 70 143
4 71 75
4 72 173
4 74 327
4 77 343
4 79 331
4 81 177
4 82 234
4 84 183
4 86 117
4 90 225
4 92 299
4 95 210
4 97 243
5 6 262
5 7 141
5 8 355
5 9 11
5 11 374
5 15 182
5 16 355
5 17 123
5 23 473
5 25 127
5 26 203
5 27 41
5 28 161
5 30 171
5 31 383
5 32 317
5 35 70
5 37 125
5 38 13
5 39 193
5 40 221
5 41 426
5 42 1
5 43 134
5 44 496
5 46 434
5 47 372
5 48 325
5 49 206
5 54 5
5 55 60
5 57 107
5 58 183
5 59 244
5 60 155
5 62 155
5 65 52
5 66 235
5 67 119
5 68 368
5 70 74
5 71 337
5 72 62
5 73 158
5 75 264
5 76 457
5 77 375
5 80 47
5 83 340
5 85 352
5 86 424
5 87 95
5 89 145
5 97 463
5 98 484
5 99 380
5 100 247
6 7 374
6 12 419
6 13 236
6 15 160
6 16 67
6 17 271
6 18 145
6 21 20
6 23 442
6 26 68
6 27 118
6 29 459
6 30 142
6 34 44
6 35 64
6 41 469
6 42 335
6 43 199
6 47 495
6 48 224
6 49 307
6 51 424
6 52 271
6 53 358
6 59 447
6 62 165
6 63 375
6 65 200
6 67 229
6 68 156
6 69 136
6 74 259
6 76 449
6 78 375
6 79 120
6 84 335
6 85 138
6 88 242
6 91 270
6 94 73
6 95 67
6 96 462
7 11 301
7 12 443
7 16 29
7 17 325
7 18 482
7 20 252
7 23 154
7 28 321
7 29 246
7 31 468
7 34 7
7 35 103
7 37 408
7 39 456
7 40 473
7 42 332
7 43 155
7 44 427
7 45 27
7 47 125
7 48 27
7 49 154
7 54 11
7 55 17
7 63 298
7 64 216
7 65 372
7 71 149
7 73 452
7 75 446
7 78 125
7 79 327
7 80 71
7 84 499
7 85 424
7 88 249
7 89 60
7 93 220
7 94 217
7 95 330
7 98 26
7 99 139
8 9 210
8 10 444
8 15 18
8 16 307
8 17 131
8 21 424
8 22 375
8 23 251
8 25 82
8 26 243
8 31 58
8 33 279
8 34 361
8 35 479
8 37 88
8 39 496
8 40 219
8 41 320
8 42 150
8 45 429
8 49 57
8 51 392
8 52 374
8 55 448
8 57 242
8 61 355
8 62 476
8 66 279
8 67 230
8 68 337
8 69 164
8 70 47
8 72 283
8 73 12
8 75 459
8 76 292
8 77 152
8 78 281
8 79 301
8 80 120
8 84 294
8 87 5
8 89 30
8 91 76
8 92 254
8 93 428
9 12 293
9 15 248
9 16 255
9 17 491
9 19 375
9 24 335
9 26 41
9 27 165
9 32 323
9 33 297
9 35 415
9 37 108
9 38 151
9 43 68
9 44 204
9 45 285
9 46 79
9 48 21
9 49 433
9 50 180
9 51 67
9 52 266
9 53 57
9 55 184
9 57 335
9 58 80
9 59 247
9 61 419
9 62 391
9 63 276
9 64 308
9 65 267
9 67 232
9 70 98
9 71 313
9 72 128
9 76 222
9 78 437
9 79 6
9 80 73
9 84 270
9 85 430
9 87 238
9 91 177
9 92 117
9 96 96
9 97 25
9 99 239
9 100 283
10 11 287
10 16 427
10 17 55
10 20 273
10 21 92
10 23 485
10 24 84
10 25 378
10 27 402
10 29 141
10 31 173
10 34 274
10 36 478
10 37 255
10 40 52
10 42 182
10 43 140
10 48 275
10 49 82
10 50 140
10 53 354
10 54 77
10 56 128
10 57 322
10 64 426
10 67 258
10 70 469
10 75 74
10 80 75
10 81 287
10 82 98
10 87 444
10 92 381
10 93 301
10 94 241
10 96 14
10 100 131
11 14 52
11 15 431
11 16 325
11 17 319
11 18 371
11 19 458
11 21 186
11 22 98
11 23 160
11 24 249
11 26 448
11 27 292
11 29 200
11 30 318
11 32 469
11 33 208
11 34 432
11 36 81
11 37 105
11 38 490
11 40 365
11 45 135
11 47 426
11 50 12
11 51 321
11 53 225
11 54 167
11 57 170
11 59 241
11 60 409
11 61 466
11 65 337
11 66 170
11 67 319
11 70 9
11 71 314
11 72 297
11 73 11
11 75 236
11 79 423
11 83 16
11 86 392
11 88 493
11 90 307
11 92 92
11 94 388
11 99 163
12 14 32
12 20 161
12 22 428
12 23 482
12 24 202
12 25 46
12 26 381
12 27 129
12 31 130
12 32 107
12 33 87
12 34 269
12 35 139
12 38 75
12 40 64
12 41 214
12 43 193
12 44 428
12 45 493
12 46 58
12 48 365
12 49 464
12 51 202
12 56 3
12 59 254
12 61 182
12 62 345
12 64 227
12 66 155
12 68 252
12 71 428
12 74 71
12 75 470
12 78 239
12 81 411
12 82 265
12 83 359
12 84 291
12 85 172
12 86 296
12 87 489
12 88 19
12 89 134
12 90 354
12 92 424
12 95 377
12 97 433
12 99 122
13 14 450
13 15 201
13 16 321
13 17 163
13 18 106
13 20 125
13 22 349
13 25 138
13 26 80
13 28 182
13 30 267
13 33 121
13 35 100
13 36 146
13 37 32
13 39 183
13 40 257
13 41 278
13 42 478
13 43 473
13 45 330
13 46 295
13 47 435
13 51 201
13 52 214
13 53 225
13 54 447
13 55 336
13 63 316
13 65 210
13 66 384
13 67 469
13 68 352
13 69 285
13 71 485
13 73 66
13 74 201
13 76 314
13 77 122
13 81 32
13 82 491
13 85 175
13 87 336
13 94 197
13 95 192
13 96 400
13 97 294
13 98 413
13 99 467
13 100 495
14 15 409
14 16 481
14 17 42
14 20 200
14 24 368
14 29 268
14 31 222
14 32 381
14 33 410
14 34 318
14 36 91
14 39 98
14 43 201
14 48 140
14 49 304
14 54 286
14 55 132
14 56 396
14 57 293
14 58 317
14 59 311
14 61 253
14 62 301
14 64 17
14 65 11
14 66 324
14 68 406
14 69 143
14 72 64
14 73 473
14 74 117
14 79 105
14 80 494
14 83 368
14 85 343
14 86 380
14 92 129
14 94 193
14 97 186
14 98 224
14 99 359
15 17 207
15 18 243
15 19 143
15 20 91
15 21 262
15 25 59
15 27 188
15 28 487
15 31 81
15 32 250
15 33 259
15 35 398
15 37 450
15 39 93
15 42 448
15 43 286
15 45 344
15 46 369
15 48 134
15 49 361
15 50 47
15 51 69
15 52 177
15 53 200
15 56 302
15 57 478
15 59 126
15 61 244
15 64 319
15 66 310
15 67 243
15 68 354
15 69 272
15 72 241
15 75 139
15 76 372
15 79 95
15 80 66
15 83 242
15 85 93
15 87 91
15 88 350
15 89 193
15 90 395
15 91 89
15 92 388
15 94 28
15 96 143
15 97 495
15 98 214
15 100 431
16 17 476
16 19 346
16 20 29
16 21 184
16 22 160
16 29 376
16 30 296
16 31 335
16 32 127
16 34 340
16 36 271
16 39 215
16 41 243
16 46 231
16 47 151
16 48 462
16 51 438
16 53 155
16 54 260
16 56 206
16 57 201
16 58 292
16 59 324
16 60 473
16 61 359
16 64 191
16 65 70
16 66 403
16 68 209
16 71 277
16 72 429
16 76 366
16 77 129
16 79 230
16 84 371
16 86 122
16 87 29
16 90 11
16 91 320
16 92 9
16 97 342
16 98 307
16 99 323
17 18 339
17 19 329
17 20 148
17 21 219
17 24 363
17 25 122
17 26 188
17 27 250
17 29 256
17 30 460
17 31 228
17 33 312
17 34 265
17 36 104
17 37 190
17 40 368
17 41 488
17 42 271
17 43 62
17 45 192
17 48 484
17 49 290
17 50 432
17 52 22
17 54 241
17 57 303
17 58 240
17 59 420
17 61 82
17 63 420
17 64 35
17 67 441
17 69 10
17 72 460
17 73 187
17 74 212
17 75 329
17 77 380
17 78 129
17 80 143
17 84 470
17 86 152
17 89 356
17 90 75
17 91 131
17 92 499
17 94 212
17 96 368
17 97 225
17 98 236
17 99 86
17 100 184
18 21 130
18 22 455
18 23 7
18 25 362
18 26 226
18 27 193
18 28 445
18 29 276
18 35 344
18 36 424
18 37 13
18 38 366
18 40 495
18 41 381
18 43 25
18 46 209
18 48 486
18 49 246
18 50 399
18 53 419
18 58 46
18 59 242
18 61 128
18 63 276
18 64 332
18 65 7
18 66 182
18 69 475
18 71 498
18 72 227
18 76 193
18 77 28
18 78 312
18 79 66
18 80 451
18 85 309
18 86 86
18 88 369
18 90 413
18 91 229
18 96 165
18 97 162
18 99 189
19 22 377
19 25 487
19 26 185
19 27 404
19 28 185
19 30 45
19 31 108
19 32 486
19 33 302
19 36 314
19 39 411
19 40 311
19 41 430
19 42 112
19 43 193
19 44 445
19 48 36
19 50 71
19 52 57
19 54 207
19 55 390
19 56 17
19 57 247
19 58 134
19 65 53
19 66 167
19 70 6
19 75 479
19 76 382
19 79 113
19 83 40
19 84 75
19 91 318
19 92 129
19 93 214
19 94 431
19 98 459
19 100 308
20 23 207
20 24 197
20 25 107
20 28 447
20 29 493
20 31 311
20 37 162
20 38 271
20 40 315
20 42 40
20 43 478
20 44 346
20 45 47
20 46 224
20 48 448
20 49 352
20 51 342
20 55 347
20 59 206
20 63 479
20 64 412
20 66 435
20 67 193
20 68 272
20 73 272
20 76 260
20 79 383
20 81 90
20 82 397
20 85 42
20 87 282
20 88 171
20 90 221
20 91 277
20 92 364
20 93 406
20 95 124
20 96 162
20 98 46
20 99 394
20 100 230
21 25 12
21 27 293
21 29 45
21 32 346
21 35 280
21 36 282
21 37 437
21 38 473
21 41 199
21 43 111
21 45 303
21 47 314
21 48 245
21 51 206
21 52 231
21 54 107
21 55 164
21 56 469
21 57 77
21 58 128
21 62 453
21 63 364
21 64 163
21 65 144
21 66 262
21 68 284
21 69 346
21 72 281
21 73 426
21 74 287
21 75 109
21 76 245
21 77 475
21 81 255
21 82 293
21 84 214
21 87 148
21 89 271
21 90 339
21 91 3
21 94 437
21 95 417
21 97 173
22 24 108
22 26 209
22 27 429
22 30 355
22 32 370
22 34 436
22 38 255
22 41 191
22 43 324
22 44 43
22 46 373
22 50 164
22 51 130
22 52 65
22 55 414
22 57 454
22 59 209
22 60 50
22 61 145
22 62 484
22 64 27
22 67 249
22 68 230
22 70 452
22 71 14
22 72 117
22 74 309
22 76 263
22 77 462
22 78 174
22 79 71
22 81 333
22 82 320
22 83 1
22 84 314
22 85 388
22 88 273
22 90 289
22 91 75
22 94 149
22 96 112
22 97 251
22 100 199
23 24 482
23 26 302
23 28 134
23 29 413
23 30 158
23 35 145
23 37 397
23 40 342
23 43 180
23 49 278
23 51 138
23 55 455
23 57 37
23 58 151
23 60 9
23 63 230
23 65 151
23 67 327
23 71 335
23 72 203
23 74 341
23 75 404
23 76 483
23 78 173
23 79 300
23 80 340
23 84 104
23 85 8
23 87 112
23 88 487
23 93 274
23 94 287
23 95 44
23 97 430
23 98 443
23 99 357
23 100 319
24 29 270
24 30 429
24 31 443
24 32 389
24 33 204
24 36 488
24 39 218
24 40 29
24 41 253
24 43 197
24 46 485
24 47 102
24 50 340
24 51 26
24 57 355
24 58 28
24 59 71
24 60 290
24 62 43
24 63 401
24 68 275
24 73 130
24 76 128
24 77 454
24 79 128
24 80 483
24 81 39
24 84 371
24 86 165
24 87 153
24 88 496
24 89 313
24 90 433
24 91 482
24 92 58
24 95 160
25 26 204
25 31 220
25 35 419
25 36 329
25 37 56
25 38 404
25 40 461
25 44 349
25 45 427
25 46 155
25 47 59
25 48 267
25 51 22
25 52 342
25 53 245
25 54 220
25 56 53
25 58 146
25 61 466
25 63 93
25 65 447
25 67 283
25 69 363
25 71 162
25 75 177
25 76 106
25 77 371
25 80 104
25 81 202
25 82 397
25 83 130
25 85 483
25 88 287
25 91 187
25 92 99
25 94 443
25 96 326
25 100 243
26 27 285
26 28 374
26 31 428
26 34 246
26 36 70
26 37 388
26 40 160
26 43 45
26 46 66
26 49 129
26 51 311
26 52 80
26 53 194
26 55 218
26 56 93
26 59 99
26 60 22
26 61 353
26 63 265
26 64 175
26 65 422
26 66 380
26 67 353
26 68 173
26 69 103
26 74 82
26 75 74
26 77 139
26 78 206
26 80 227
26 87 450
26 88 147
26 89 10
26 93 140
26 95 495
26 96 212
26 99 263
26 100 142
27 28 255
27 31 379
27 32 197
27 34 425
27 36 228
27 37 187
27 38 31
27 39 122
27 40 178
27 42 167
27 43 31
27 46 245
27 48 391
27 49 425
27 51 400
27 53 325
27 54 256
27 55 357
27 56 36
27 57 486
27 59 441
27 60 409
27 61 71
27 67 312
27 69 16
27 70 350
27 71 257
27 72 18
27 73 273
27 75 492
27 76 495
27 77 317
27 79 146
27 80 306
27 84 108
27 85 312
27 90 67
27 93 144
27 94 365
27 97 108
27 99 380
28 29 475
28 34 477
28 35 286
28 36 96
28 38 137
28 41 380
28 43 240
28 49 184
28 50 434
28 51 338
28 55 314
28 58 435
28 59 475
28 60 418
28 61 432
28 64 423
28 66 243
28 67 127
28 68 168
28 70 102
28 71 149
28 72 223
28 73 68
28 75 254
28 77 36
28 78 246
28 79 13
28 82 9
28 83 200
28 84 55
28 88 34
28 94 308
28 95 206
28 96 425
28 98 118
28 100 64
29 32 30
29 33 89
29 34 372
29 35 417
29 36 158
29 37 206
29 39 473
29 41 388
29 42 257
29 44 240
29 45 275
29 46 33
29 47 423
29 50 202
29 53 175
29 56 93
29 59 98
29 60 312
29 61 91
29 64 344
29 65 191
29 68 289
29 69 252
29 74 271
29 81 49
29 84 343
29 92 423
29 93 494
29 96 49
29 97 293
29 100 388
30 31 221
30 32 480
30 36 426
30 37 308
30 38 163
30 40 73
30 41 454
30 45 234
30 47 343
30 48 99
30 53 180
30 54 294
30 55 168
30 56 281
30 57 196
30 58 355
30 59 201
30 61 433
30 63 299
30 65 77
30 68 25
30 69 22
30 72 314
30 77 309
30 78 380
30 81 14
30 82 477
30 84 410
30 85 229
30 88 340
30 91 320
30 93 453
30 94 124
30 96 163
30 99 382
30 100 392
31 32 198
31 33 64
31 37 102
31 38 256
31 42 30
31 43 286
31 45 442
31 46 400
31 49 7
31 50 218
31 51 1
31 55 239
31 56 263
31 58 153
31 60 255
31 62 121
31 63 322
31 66 390
31 67 401
31 68 57
31 69 453
31 70 183
31 71 379
31 72 214
31 74 389
31 77 129
31 78 432
31 81 281
31 82 212
31 83 256
31 84 497
31 86 107
31 87 42
31 88 26
31 90 182
31 91 289
31 92 403
31 93 118
31 95 246
31 96 395
31 97 208
31 98 188
31 100 73
32 33 335
32 34 157
32 35 232
32 36 118
32 38 119
32 40 298
32 42 201
32 45 128
32 46 336
32 48 44
32 49 416
32 50 468
32 52 267
32 58 293
32 59 414
32 63 357
32 64 316
32 65 488
32 66 327
32 68 163
32 70 294
32 71 483
32 73 418
32 76 382
32 79 361
32 81 54
32 82 61
32 83 150
32 84 205
32 86 22
32 88 413
32 90 127
32 94 342
32 100 345
33 34 342
33 37 37
33 38 360
33 39 330
33 43 392
33 44 45
33 47 491
33 48 272
33 49 134
33 50 218
33 52 324
33 53 337
33 56 429
33 57 446
33 58 388
33 60 26
33 64 263
33 66 83
33 67 17
33 68 352
33 69 97
33 71 314
33 72 103
33 73 63
33 74 361
33 75 395
33 77 62
33 78 281
33 80 138
33 81 390
33 83 400
33 84 150
33 87 343
33 89 439
33 90 412
33 91 190
33 93 30
33 96 405
33 97 413
34 35 220
34 39 109
34 40 47
34 42 389
34 43 387
34 44 20
34 45 136
34 46 369
34 47 16
34 50 284
34 51 88
34 52 332
34 53 357
34 54 390
34 55 167
34 57 155
34 61 451
34 64 106
34 66 474
34 67 249
34 68 154
34 69 414
34 73 293
34 74 184
34 75 186
34 76 360
34 77 283
34 82 398
34 83 428
34 84 269
34 86 481
34 87 386
34 89 79
34 94 428
34 95 154
34 97 14
34 99 470
35 36 245
35 37 70
35 40 131
35 42 70
35 44 258
35 45 423
35 46 266
35 47 270
35 49 241
35 51 394
35 52 7
35 53 177
35 55 421
35 56 405
35 61 419
35 63 208
35 64 60
35 66 325
35 67 93
35 69 165
35 71 211
35 75 286
35 83 148
35 84 336
35 85 184
35 88 19
35 89 392
35 90 366
35 91 417
35 92 382
35 94 370
35 95 124
35 97 329
35 98 481
35 100 404
36 37 15
36 38 430
36 40 240
36 43 443
36 45 309
36 46 380
36 47 248
36 49 118
36 51 137
36 53 202
36 54 44
36 55 296
36 56 83
36 57 68
36 61 438
36 62 412
36 64 498
36 66 338
36 70 106
36 72 17
36 73 249
36 75 187
36 80 296
36 83 270
36 89 279
36 92 26
36 93 240
36 97 249
36 98 377
36 99 315
37 40 281
37 41 471
37 43 333
37 47 493
37 48 338
37 51 243
37 52 349
37 56 46
37 60 62
37 61 349
37 62 256
37 63 370
37 69 364
37 72 46
37 73 368
37 78 112
37 79 357
37 82 17
37 83 16
37 85 422
37 86 201
37 90 173
37 91 45
37 93 202
37 98 190
37 99 22
38 41 234
38 43 251
38 45 295
38 47 431
38 49 261
38 52 18
38 53 406
38 54 114
38 57 125
38 59 91
38 60 497
38 61 455
38 63 198
38 72 219
38 73 285
38 76 278
38 77 161
38 78 318
38 81 431
38 83 100
38 84 499
38 85 421
38 87 134
38 88 434
38 90 368
38 91 434
38 94 157
38 97 252
38 99 92
38 100 78
39 40 284
39 42 7
39 43 401
39 44 246
39 47 45
39 48 213
39 50 147
39 56 329
39 57 210
39 58 235
39 62 390
39 66 54
39 67 223
39 69 46
39 71 235
39 72 399
39 73 268
39 74 440
39 75 365
39 76 303
39 78 316
39 79 45
39 80 197
39 81 8
39 82 232
39 83 99
39 84 343
39 86 388
39 87 292
39 89 468
39 91 239
39 93 381
39 97 402
39 99 253
39 100 75
40 42 307
40 44 305
40 47 167
40 49 474
40 52 436
40 54 175
40 55 291
40 56 362
40 59 57
40 61 87
40 63 402
40 65 337
40 66 119
40 68 116
40 69 350
40 70 35
40 71 405
40 73 299
40 77 261
40 83 212
40 84 311
40 87 199
40 88 391
40 89 37
40 94 280
40 95 125
40 97 330
40 98 384
40 99 303
41 43 130
41 44 16
41 48 15
41 50 405
41 52 247
41 55 452
41 56 250
41 58 360
41 60 22
41 62 389
41 64 19
41 66 53
41 67 36
41 68 259
41 69 99
41 70 104
41 71 411
41 72 14
41 75 338
41 77 476
41 78 285
41 79 226
41 81 195
41 83 125
41 85 76
41 86 418
41 87 405
41 89 5
41 91 400
41 92 309
41 95 378
41 96 435
41 97 210
42 44 442
42 45 149
42 46 253
42 47 257
42 51 27
42 52 16
42 53 28
42 54 209
42 58 450
42 60 163
42 61 230
42 64 383
42 65 141
42 67 250
42 68 309
42 72 85
42 73 483
42 74 292
42 78 10
42 79 423
42 81 73
42 82 236
42 84 396
42 86 362
42 88 363
42 92 241
42 93 74
42 94 13
42 98 117
42 99 465
42 100 107
43 45 142
43 46 251
43 50 429
43 53 366
43 56 104
43 57 450
43 59 452
43 60 53
43 63 316
43 64 236
43 66 387
43 68 330
43 71 495
43 72 91
43 73 172
43 75 381
43 76 483
43 79 339
43 81 39
43 83 355
43 92 66
43 93 348
43 96 321
43 97 7
43 98 281
43 99 89
43 100 437
44 45 265
44 48 485
44 51 141
44 52 162
44 54 163
44 59 367
44 60 360
44 61 223
44 63 118
44 68 189
44 73 86
44 75 226
44 78 318
44 79 156
44 80 153
44 83 49
44 84 411
44 86 83
44 87 487
44 88 110
44 89 443
44 92 306
44 100 453
45 49 470
45 52 315
45 53 360
45 54 346
45 56 233
45 60 354
45 61 432
45 63 183
45 64 107
45 65 208
45 66 148
45 67 443
45 69 347
45 70 33
45 71 204
45 75 142
45 79 278
45 81 487
45 82 348
45 87 70
45 88 131
45 91 360
45 93 299
45 95 136
45 96 365
45 98 56
45 99 120
45 100 16
46 49 163
46 53 24
46 54 16
46 55 383
46 56 383
46 58 243
46 59 70
46 60 258
46 62 233
46 65 223
46 67 398
46 68 5
46 71 448
46 72 319
46 73 181
46 75 382
46 81 411
46 82 314
46 86 344
46 87 496
46 88 371
46 91 379
46 93 374
46 94 45
46 96 3
46 97 59
46 98 395
46 100 487
47 48 10
47 49 242
47 50 98
47 51 297
47 52 384
47 58 350
47 59 68
47 60 309
47 62 89
47 67 302
47 72 190
47 74 264
47 77 179
47 82 107
47 84 193
47 85 178
47 88 310
47 89 8
47 91 143
47 92 323
47 94 337
47 96 435
47 98 392
47 99 196
48 50 341
48 51 364
48 53 42
48 54 435
48 56 434
48 57 14
48 58 73
48 59 220
48 61 57
48 62 367
48 63 264
48 65 312
48 66 395
48 68 236
48 71 302
48 72 140
48 73 244
48 75 451
48 76 123
48 78 120
48 79 260
48 84 71
48 86 431
48 91 349
48 93 447
48 94 72
48 95 355
48 97 188
48 98 221
48 99 431
48 100 317
49 50 105
49 51 302
49 52 89
49 54 273
49 57 289
49 58 79
49 60 334
49 63 209
49 65 455
49 66 94
49 67 366
49 69 433
49 70 319
49 71 433
49 72 48
49 74 404
49 75 448
49 79 351
49 82 86
49 84 406
49 85 104
49 87 198
49 89 266
49 90 383
49 94 59
49 97 427
49 99 398
49 100 324
50 51 230
50 53 369
50 54 225
50 55 206
50 56 138
50 57 216
50 62 422
50 63 16
50 64 470
50 66 176
50 67 294
50 68 381
50 69 354
50 70 135
50 71 257
50 74 431
50 75 221
50 80 126
50 81 63
50 82 225
50 83 294
50 89 107
50 92 139
50 95 13
50 97 322
50 98 460
51 52 84
51 53 239
51 55 463
51 59 12
51 60 348
51 61 420
51 68 464
51 69 167
51 71 127
51 74 472
51 78 98
51 79 11
51 80 300
51 82 425
51 83 55
51 84 493
51 86 445
51 87 348
51 89 15
51 91 418
51 92 11
51 94 206
51 95 64
51 98 421
52 55 294
52 59 112
52 61 237
52 63 29
52 64 468
52 65 365
52 67 32
52 68 376
52 69 372
52 70 321
52 73 14
52 76 289
52 77 372
52 78 415
52 79 486
52 81 152
52 82 94
52 83 86
52 85 331
52 87 87
52 89 49
52 90 352
52 92 173
52 95 227
52 96 315
52 97 272
52 99 203
52 100 67
53 54 185
53 56 142
53 58 323
53 60 486
53 61 486
53 63 27
53 64 226
53 65 181
53 66 239
53 68 444
53 69 310
53 71 493
53 73 337
53 74 407
53 76 49
53 77 76
53 81 491
53 83 223
53 84 206
53 88 357
53 91 160
53 94 305
53 96 108
53 97 212
53 98 490
53 100 66
54 55 414
54 56 322
54 57 314
54 60 467
54 61 93
54 64 132
54 65 172
54 68 426
54 69 161
54 72 225
54 73 275
54 75 189
54 78 59
54 79 278
54 81 365
54 82 479
54 84 111
54 87 192
54 88 383
54 89 384
54 90 12
54 91 343
54 95 153
54 96 424
54 97 490
54 99 282
55 56 443
55 57 332
55 60 169
55 61 382
55 62 468
55 63 276
55 64 56
55 66 287
55 67 118
55 69 50
55 70 328
55 75 131
55 76 485
55 77 430
55 78 430
55 80 90
55 81 167
55 82 322
55 84 10
55 86 161
55 87 456
55 88 182
55 89 69
55 92 376
55 93 384
55 94 301
55 97 331
55 99 198
56 57 331
56 60 214
56 62 152
56 64 115
56 66 461
56 67 491
56 73 278
56 75 387
56 76 24
56 81 1
56 82 82
56 84 11
56 86 403
56 87 132
56 90 79
56 91 208
56 95 112
56 96 176
56 97 250
56 100 231
57 58 163
57 61 424
57 62 213
57 63 422
57 65 64
57 66 167
57 68 153
57 70 24
57 72 250
57 75 376
57 76 162
57 78 325
57 79 84
57 81 380
57 82 163
57 83 155
57 84 143
57 85 373
57 86 424
57 89 326
57 90 203
57 91 49
57 92 131
57 93 217
57 97 413
57 100 310
58 60 167
58 61 32
58 62 336
58 64 39
58 65 140
58 68 26
58 70 95
58 72 90
58 73 409
58 74 315
58 79 308
58 83 428
58 87 287
58 89 98
58 90 416
58 91 462
58 94 156
58 95 471
58 96 347
58 99 57
59 60 423
59 61 204
59 62 180
59 65 24
59 67 414
59 68 367
59 69 101
59 70 397
59 71 169
59 73 140
59 75 211
59 76 349
59 78 416
59 83 289
59 84 352
59 85 473
59 87 276
59 88 215
59 89 176
59 91 350
59 93 180
59 95 323
59 97 201
59 98 146
59 99 17
59 100 195
60 65 110
60 66 300
60 67 485
60 68 306
60 72 136
60 73 469
60 75 70
60 77 49
60 79 481
60 80 332
60 81 245
60 82 90
60 83 436
60 85 236
60 86 191
60 87 168
60 88 358
60 89 196
60 90 82
60 92 276
60 93 228
60 95 322
60 97 432
60 99 177
61 62 464
61 65 305
61 68 146
61 70 423
61 71 239
61 74 59
61 80 184
61 83 464
61 85 206
61 86 491
61 88 469
61 90 116
61 91 18
61 93 256
61 94 87
61 96 113
61 97 285
61 99 426
62 64 161
62 67 32
62 68 407
62 69 260
62 71 229
62 72 263
62 74 58
62 75 417
62 79 468
62 80 194
62 83 235
62 84 328
62 86 30
62 88 437
62 89 453
62 91 459
62 98 356
62 99 496
62 100 355
63 64 426
63 69 121
63 70 318
63 72 428
63 73 187
63 74 231
63 75 194
63 78 106
63 79 169
63 81 385
63 82 472
63 84 105
63 92 267
63 94 322
63 96 331
63 99 404
64 65 417
64 68 467
64 73 444
64 74 358
64 76 58
64 79 180
64 80 469
64 81 301
64 84 7
64 85 163
64 87 67
64 89 261
64 90 475
64 99 276
64 100 127
65 67 373
65 71 499
65 73 162
65 75 7
65 76 312
65 77 232
65 78 364
65 82 209
65 83 222
65 84 85
65 85 400
65 90 229
65 92 190
65 93 2
65 95 285
65 99 394
66 69 491
66 70 39
66 71 271
66 73 355
66 75 174
66 76 479
66 79 450
66 82 326
66 83 420
66 84 303
66 85 441
66 88 62
66 90 100
66 92 137
66 94 84
66 96 229
67 68 261
67 69 347
67 76 212
67 77 106
67 78 259
67 79 372
67 80 456
67 82 289
67 87 304
67 88 204
67 90 498
67 96 187
67 100 218
68 69 132
68 70 264
68 71 191
68 75 124
68 76 246
68 77 340
68 78 267
68 79 433
68 82 246
68 84 100
68 85 409
68 87 237
68 88 363
68 89 218
68 90 140
68 93 239
68 94 333
68 96 173
68 99 96
68 100 224
69 70 243
69 71 375
69 73 284
69 74 498
69 75 451
69 76 247
69 78 164
69 79 385
69 84 113
69 86 84
69 88 81
69 89 445
69 90 127
69 94 171
69 95 236
69 96 401
69 100 376
70 72 424
70 73 268
70 75 334
70 77 494
70 79 379
70 80 167
70 84 32
70 85 364
70 86 234
70 87 29
70 88 429
70 90 479
70 95 62
70 97 492
71 75 70
71 76 297
71 77 1
71 79 12
71 82 188
71 83 100
71 85 456
71 86 34
71 87 215
71 88 498
71 89 131
71 94 86
71 95 174
71 100 187
72 74 168
72 75 373
72 79 488
72 80 236
72 81 485
72 83 393
72 84 467
72 85 106
72 86 366
72 87 342
72 88 430
72 89 387
72 91 399
72 93 419
72 97 209
72 98 62
72 100 324
73 74 489
73 75 234
73 76 498
73 77 402
73 79 244
73 82 326
73 83 166
73 88 75
73 89 252
73 90 373
73 91 5
73 92 414
73 94 409
73 95 185
73 97 87
73 98 418
73 99 266
74 75 369
74 77 372
74 78 382
74 80 457
74 83 209
74 85 170
74 86 259
74 89 394
74 92 428
74 94 124
74 96 301
74 98 163
74 100 140
75 77 314
75 85 73
75 87 371
75 88 466
75 89 234
75 90 450
75 91 284
75 95 227
75 98 405
76 77 47
76 78 97
76 79 204
76 80 427
76 84 474
76 85 52
76 87 346
76 88 279
76 89 211
76 91 304
76 93 122
76 95 126
76 96 98
76 98 330
76 99 478
77 78 353
77 79 268
77 80 144
77 88 9
77 89 38
77 91 436
77 92 1
77 93 14
77 97 109
77 100 157
78 80 24
78 84 35
78 85 305
78 86 192
78 87 375
78 88 282
78 89 443
78 91 283
78 92 467
78 93 283
78 95 87
78 97 22
78 98 184
78 99 382
78 100 478
79 82 382
79 84 473
79 86 255
79 89 9
79 91 475
79 94 315
79 97 101
80 84 420
80 89 138
80 90 314
80 91 246
80 94 62
80 95 377
80 97 315
81 82 135
81 83 207
81 84 196
81 85 302
81 88 406
81 89 369
81 91 284
81 93 338
81 94 433
81 95 83
81 96 205
82 83 208
82 84 96
82 85 71
82 86 330
82 87 400
82 88 195
82 97 229
83 84 479
83 85 400
83 88 374
83 90 272
83 91 141
83 92 396
83 94 92
83 95 198
83 97 253
83 98 467
83 99 364
84 86 412
84 88 439
84 91 44
84 92 373
84 94 226
84 95 88
84 96 64
84 97 213
84 99 460
85 86 291
85 88 155
85 89 22
85 94 55
85 95 458
85 98 479
85 100 2
86 89 243
86 95 475
86 96 174
86 98 195
87 88 221
87 90 26
87 91 102
87 92 193
87 96 134
87 97 256
88 91 448
88 93 122
88 94 131
88 95 251
88 96 488
88 97 70
88 98 497
88 99 370
89 90 6
89 91 151
89 93 134
89 98 454
90 92 466
91 93 43
91 94 130
91 95 470
92 93 409
92 94 352
92 96 76
92 97 343
92 100 311
93 94 2
93 97 188
93 99 230
94 96 309
94 97 491
95 96 475
96 97 430
96 98 235
96 100 323
97 99 399
98 99 87
98 100 481
99 100 159
