100 2499
1 2 294
1 3 133
1 7 412
1 8 223
1 9 104
1 14 495
1 17 429
1 18 387
1 20 411
1 22 207
1 24 83
1 25 342
1 28 148
1 31 473
1 32 359
1 36 374
1 38 497
1 39 204
1 40 5
1 42 193
1 43 134
1 44 154
1 45 314
1 46 260
1 48 495
1 49 273
1 50 170
1 52 143
1 53 274
1 54 424
1 55 427
1 57 322
1 60 271
1 61 224
1 63 489
1 64 196
1 66 233
1 67 466
1 69 239
1 70 368
1 71 7
1 72 66
1 73 352
1 75 57
1 76 351
1 77 422
1 78 205
1 84 201
1 86 327
1 87 438
1 88 213
1 89 310
1 93 347
1 95 200
1 97 256
2 5 247
2 8 122
2 9 246
2 10 354
2 13 99
2 14 39
2 18 396
2 20 230
2 21 17
2 24 361
2 26 108
2 27 217
2 28 463
2 32 23
2 33 340
2 35 378
2 36 33
2 40 377
2 42 171
2 43 242
2 44 436
2 46 321
2 52 75
2 54 393
2 57 323
2 58 366
2 59 128
2 63 55
2 64 352
2 66 94
2 68 396
2 69 212
2 70 47
2 72 379
2 74 207
2 77 429
2 82 444
2 83 413
2 84 331
2 87 414
2 89 311
2 91 74
2 92 14
2 96 201
2 100 273
3 4 342
3 6 286
3 11 119
3 14 189
3 15 345
3 16 441
3 18 163
3 19 311
3 22 446
3 23 310
3 25 429
3 26 21
3 27 284
3 29 288
3 34 262
3 36 131
3 37 122
3 40 290
3 41 356
3 42 361
3 43 122
3 46 313
3 47 6
3 50 453
3 52 437
3 53 156
3 59 458
3 60 366
3 62 222
3 63 110
3 66 491
3 69 168
3 72 409
3 73 312
3 74 180
3 76 288
3 77 434
3 78 44
3 87 440
3 89 380
3 92 370
3 93 60
3 94 419
3 95 402
3 98 387
3 99 438
4 5 109
4 6 346
4 7 346
4 13 356
4 14 474
4 16 122
4 20 163
4 21 139
4 23 303
4 25 212
4 32 412
4 33 130
4 35 263
4 37 263
4 40 371
4 42 35
4 44 146
4 47 491
4 48 479
4 49 153
4 50 113
4 51 308
4 52 86
4 54 438
4 55 18
4 58 20
4 60 403
4 61 101
4 64 184
4 65 111
4 66 470
4 67 201
4 69 458
4 72 253
4 75 430
4 78 448
4 79 469
4 80 108
4 81 148
4 85 182
4 86 271
4 87 340
4 89 471
4 90 332
4 93 154
4 94 422
4 98 412
4 100 296
5 6 349
5 7 164
5 10 390
5 11 248
5 14 151
5 15 391
5 16 125
5 17 107
5 18 312
5 20 234
5 21 167
5 22 101
5 26 44
5 27 112
5 28 382
5 30 408
5 31 132
5 32 137
5 33 408
5 35 186
5 36 478
5 37 458
5 39 403
5 40 96
5 42 315
5 43 205
5 45 94
5 53 43
5 59 25
5 61 276
5 63 471
5 64 474
5 66 16
5 73 63
5 74 204
5 76 24
5 77 401
5 78 246
5 80 48
5 81 279
5 84 72
5 86 96
5 93 266
5 95 289
5 97 270
5 98 191
5 100 436
6 7 425
6 8 177
6 9 84
6 11 433
6 13 306
6 14 303
6 18 81
6 20 151
6 23 196
6 25 233
6 26 421
6 36 379
6 37 216
6 39 296
6 40 207
6 44 464
6 46 99
6 48 13
6 49 17
6 50 4
6 55 56
6 56 98
6 57 98
6 58 73
6 61 165
6 62 189
6 65 28
6 66 24
6 68 65
6 69 213
6 70 465
6 72 105
6 73 484
6 75 317
6 77 491
6 78 137
6 79 97
6 80 324
6 81 160
6 89 303
6 90 69
6 91 69
6 92 151
6 94 390
6 96 20
6 99 229
7 9 396
7 10 241
7 11 475
7 14 363
7 15 367
7 17 435
7 20 362
7 21 187
7 22 443
7 23 50
7 35 98
7 38 283
7 39 404
7 40 338
7 45 121
7 47 48
7 48 102
7 50 143
7 51 213
7 52 149
7 53 63
7 54 72
7 56 446
7 57 264
7 59 167
7 61 6
7 62 60
7 63 15
7 65 300
7 67 189
7 71 248
7 72 37
7 73 41
7 74 240
7 77 143
7 78 468
7 79 105
7 80 93
7 87 464
7 96 456
7 97 122
7 98 190
7 100 332
8 10 419
8 11 457
8 12 492
8 13 44
8 20 482
8 21 374
8 22 489
8 24 223
8 27 200
8 28 49
8 30 91
8 32 49
8 34 480
8 39 235
8 40 245
8 42 396
8 43 414
8 45 137
8 46 245
8 48 72
8 49 115
8 50 27
8 52 75
8 53 41
8 54 199
8 55 235
8 60 242
8 62 473
8 63 117
8 66 146
8 67 29
8 68 28
8 74 484
8 76 302
8 78 461
8 79 379
8 80 297
8 81 465
8 82 144
8 83 289
8 85 190
8 86 181
8 87 379
8 88 468
8 89 107
8 90 325
8 91 207
8 94 41
8 95 7
8 96 270
8 100 261
9 14 418
9 15 480
9 19 335
9 20 35
9 21 443
9 24 209
9 25 259
9 26 312
9 29 416
9 30 146
9 34 472
9 35 434
9 37 363
9 38 475
9 39 23
9 40 24
9 42 243
9 43 268
9 45 165
9 47 254
9 48 334
9 49 6
9 50 62
9 53 436
9 54 411
9 55 230
9 56 289
9 57 180
9 58 353
9 59 232
9 60 51
9 61 67
9 62 441
9 66 18
9 68 86
9 69 442
9 70 118
9 71 167
9 72 81
9 73 11
9 74 6
9 75 411
9 77 143
9 79 419
9 84 389
9 89 7
9 91 124
9 93 208
9 94 232
9 96 237
10 14 455
10 15 24
10 17 412
10 18 355
10 19 1
10 21 474
10 25 83
10 27 355
10 32 268
10 33 304
10 34 345
10 35 409
10 39 440
10 40 81
10 41 116
10 45 351
10 47 498
10 48 145
10 51 276
10 53 14
10 55 137
10 58 381
10 59 173
10 60 116
10 61 316
10 62 307
10 63 316
10 65 205
10 67 353
10 68 416
10 69 188
10 71 472
10 75 234
10 76 456
10 77 271
10 78 487
10 79 214
10 80 381
10 86 230
10 87 60
10 88 47
10 89 59
10 90 250
10 91 496
10 92 10
10 95 277
10 98 422
11 12 149
11 13 204
11 14 6
11 15 369
11 16 329
11 17 377
11 18 213
11 21 372
11 22 240
11 25 292
11 26 155
11 27 75
11 29 274
11 30 121
11 33 286
11 35 200
11 36 328
11 38 482
11 42 351
11 43 237
11 44 460
11 50 390
11 51 194
11 53 348
11 55 394
11 58 297
11 59 207
11 61 248
11 64 350
11 66 87
11 70 149
11 71 415
11 72 211
11 73 251
11 74 54
11 75 153
11 76 49
11 79 197
11 81 254
11 83 282
11 88 56
11 89 472
11 90 68
11 91 39
11 93 290
11 95 444
11 96 388
11 97 385
11 98 127
11 99 324
11 100 114
12 14 395
12 15 121
12 18 28
12 24 458
12 25 337
12 27 59
12 28 58
12 29 231
12 30 439
12 31 177
12 33 199
12 37 346
12 38 58
12 39 99
12 43 338
12 45 297
12 47 365
12 49 419
12 51 137
12 53 158
12 57 230
12 59 377
12 61 213
12 63 222
12 66 330
12 67 219
12 69 293
12 70 453
12 71 226
12 73 143
12 74 491
12 75 334
12 76 214
12 81 168
12 82 420
12 85 493
12 87 489
12 89 61
12 96 210
12 97 150
12 99 141
13 15 139
13 17 115
13 22 277
13 24 422
13 25 452
13 28 4
13 29 354
13 33 65
13 36 9
13 37 207
13 39 322
13 41 352
13 42 24
13 44 415
13 46 145
13 50 496
13 54 399
13 55 441
13 57 227
13 60 30
13 61 31
13 62 28
13 64 290
13 65 491
13 66 160
13 68 97
13 70 191
13 73 407
13 74 101
13 75 304
13 79 430
13 82 124
13 84 151
13 85 104
13 86 464
13 90 329
13 93 224
13 99 103
13 100 100
14 16 348
14 18 472
14 19 252
14 20 492
14 21 396
14 24 344
14 28 455
14 30 157
14 31 404
14 33 7
14 34 27
14 35 412
14 36 352
14 37 402
14 40 157
14 43 255
14 45 450
14 46 365
14 47 201
14 49 135
14 51 470
14 52 349
14 53 301
14 54 180
14 57 143
14 60 498
14 61 146
14 62 189
14 63 282
14 64 272
14 65 242
14 66 314
14 67 229
14 71 204
14 73 478
14 74 144
14 75 315
14 76 139
14 78 241
14 79 143
14 80 96
14 82 123
14 83 411
14 85 460
14 86 59
14 87 6
14 89 257
14 92 456
14 93 74
14 95 489
14 96 256
14 97 417
14 98 237
14 99 309
15 17 77
15 18 225
15 19 285
15 23 142
15 24 249
15 25 454
15 26 265
15 27 253
15 28 72
15 32 498
15 33 334
15 34 204
15 36 281
15 37 218
15 38 457
15 39 6
15 40 395
15 41 405
15 42 499
15 43 126
15 44 441
15 47 229
15 48 92
15 52 12
15 55 447
15 59 56
15 61 228
15 63 150
15 64 437
15 65 68
15 66 209
15 68 215
15 70 487
15 71 444
15 72 487
15 73 59
15 74 58
15 79 202
15 87 336
15 88 267
15 90 441
15 91 453
15 93 218
15 96 285
15 97 426
16 17 48
16 19 249
16 20 250
16 21 296
16 31 484
16 33 282
16 34 367
16 36 71
16 37 103
16 40 97
16 48 475
16 49 105
16 51 44
16 52 316
16 55 309
16 56 7
16 57 459
16 59 30
16 60 469
16 61 327
16 63 300
16 64 280
16 65 282
16 66 29
16 71 380
16 72 362
16 73 340
16 74 67
16 75 470
16 83 204
16 84 93
16 85 426
16 88 199
16 92 318
16 95 398
16 96 215
16 98 185
16 99 488
16 100 324
17 19 154
17 20 89
17 23 287
17 26 35
17 28 37
17 29 250
17 30 324
17 31 394
17 32 294
17 36 236
17 38 37
17 40 359
17 46 306
17 47 141
17 48 465
17 49 76
17 50 172
17 51 88
17 52 499
17 54 72
17 60 352
17 61 95
17 62 22
17 64 32
17 66 461
17 69 152
17 72 120
17 74 120
17 76 468
17 77 259
17 80 264
17 81 202
17 83 223
17 84 15
17 86 142
17 89 419
17 90 154
17 91 483
17 93 358
17 96 416
17 99 423
17 100 310
18 19 127
18 21 349
18 26 374
18 27 362
18 31 408
18 32 391
18 33 70
18 35 263
18 36 157
18 37 217
18 38 333
18 39 342
18 40 485
18 42 112
18 43 243
18 45 23
18 47 384
18 57 474
18 59 408
18 60 5
18 62 318
18 63 181
18 64 364
18 66 134
18 69 356
18 73 13
18 74 436
18 77 362
18 79 150
18 80 44
18 82 381
18 84 339
18 87 224
18 88 298
18 90 154
18 91 343
18 93 355
18 94 1
18 95 296
18 96 362
18 97 186
18 98 171
18 99 220
19 20 469
19 21 468
19 30 160
19 31 161
19 33 3
19 35 135
19 39 292
19 40 278
19 42 226
19 48 373
19 49 82
19 50 139
19 51 91
19 57 321
19 58 424
19 62 481
19 63 78
19 65 338
19 66 90
19 69 137
19 70 352
19 73 89
19 76 291
19 78 113
19 82 328
19 84 187
19 85 218
19 87 198
19 89 66
19 90 491
19 93 465
19 96 311
19 97 276
19 98 356
19 100 246
20 21 362
20 22 488
20 25 319
20 27 295
20 28 435
20 30 204
20 31 419
20 32 216
20 33 43
20 35 107
20 37 462
20 38 312
20 39 125
20 41 391
20 43 40
20 46 222
20 48 359
20 51 451
20 56 378
20 57 170
20 58 352
20 60 61
20 62 433
20 65 39
20 66 278
20 68 393
20 69 304
20 73 137
20 74 303
20 75 322
20 76 33
20 78 162
20 79 9
20 80 168
20 84 306
20 85 92
20 86 436
20 87 329
20 88 41
20 89 186
20 90 368
20 91 176
20 93 478
20 95 436
20 98 174
21 22 432
21 23 106
21 25 198
21 26 449
21 28 109
21 30 72
21 33 82
21 34 10
21 35 13
21 36 52
21 39 197
21 40 142
21 42 164
21 44 454
21 45 88
21 46 132
21 49 289
21 51 360
21 52 242
21 53 169
21 55 6
21 57 334
21 60 62
21 63 411
21 64 431
21 65 407
21 66 462
21 67 448
21 69 279
21 72 293
21 75 88
21 76 418
21 77 404
21 79 269
21 82 465
21 83 267
21 84 40
21 85 485
21 87 447
21 89 368
21 91 301
21 92 288
21 94 299
21 97 167
21 99 72
21 100 312
22 28 180
22 29 459
22 30 244
22 33 51
22 37 338
22 40 451
22 42 173
22 44 99
22 45 440
22 47 466
22 48 244
22 51 117
22 52 22
22 53 173
22 55 141
22 56 354
22 57 344
22 59 296
22 62 459
22 64 49
22 68 298
22 71 336
22 72 399
22 73 30
22 75 365
22 77 496
22 79 222
22 80 90
22 83 142
22 84 456
22 88 186
22 89 433
22 90 202
22 94 356
22 96 228
22 99 188
23 24 471
23 26 193
23 28 375
23 29 56
23 30 124
23 31 483
23 32 299
23 36 382
23 37 42
23 39 224
23 41 389
23 42 243
23 43 409
23 45 102
23 46 356
23 47 220
23 48 270
23 49 477
23 51 54
23 52 326
23 55 79
23 56 393
23 59 345
23 60 72
23 61 23
23 62 404
23 64 274
23 68 161
23 70 414
23 71 235
23 73 450
23 74 249
23 75 220
23 77 348
23 79 366
23 81 389
23 84 295
23 85 62
23 86 394
23 88 63
23 89 261
23 90 458
23 91 264
23 94 491
23 95 209
23 97 261
24 26 320
24 27 283
24 28 118
24 30 289
24 32 352
24 35 124
24 36 172
24 37 365
24 45 491
24 47 227
24 49 287
24 52 218
24 53 417
24 54 351
24 55 235
24 56 162
24 59 37
24 63 308
24 64 331
24 66 391
24 67 81
24 68 226
24 69 294
24 71 111
24 73 217
24 74 380
24 75 67
24 76 94
24 78 407
24 79 76
24 81 383
24 83 114
24 85 113
24 86 52
24 89 129
24 91 328
24 93 156
24 95 222
24 96 51
24 97 133
24 99 209
24 100 315
25 27 380
25 28 215
25 31 352
25 32 442
25 35 207
25 38 298
25 42 189
25 43 323
25 44 310
25 45 467
25 49 201
25 50 340
25 53 72
25 55 399
25 56 208
25 60 255
25 62 331
25 63 230
25 65 419
25 67 31
25 72 228
25 74 51
25 77 381
25 79 124
25 80 142
25 81 93
25 84 40
25 85 58
25 87 450
25 88 121
25 91 401
25 95 53
25 97 437
25 98 361
25 99 124
25 100 219
26 28 51
26 29 16
26 32 477
26 33 127
26 34 307
26 37 115
26 38 351
26 39 94
26 40 188
26 47 284
26 48 11
26 50 303
26 51 492
26 53 210
26 54 364
26 55 380
26 56 284
26 58 135
26 63 39
26 64 201
26 66 492
26 68 280
26 69 477
26 70 81
26 71 397
26 75 251
26 76 234
26 77 489
26 78 447
26 82 358
26 84 59
26 86 51
26 87 117
26 88 247
26 90 105
26 92 15
26 93 426
26 95 145
26 97 411
26 98 309
26 99 39
26 100 476
27 29 212
27 35 168
27 36 375
27 37 413
27 38 2
27 39 237
27 40 272
27 42 350
27 46 221
27 47 455
27 48 303
27 52 350
27 57 283
27 59 498
27 60 492
27 62 43
27 63 232
27 65 375
27 68 180
27 70 412
27 71 191
27 72 483
27 73 98
27 74 263
27 75 375
27 78 146
27 81 78
27 83 90
27 85 388
27 92 285
27 93 324
27 94 18
27 95 478
27 96 196
27 98 215
28 33 389
28 35 411
28 38 236
28 39 499
28 40 419
28 41 207
28 43 31
28 44 79
28 46 358
28 47 424
28 49 246
28 52 182
28 55 205
28 59 363
28 62 147
28 63 202
28 64 324
28 65 286
28 67 421
28 69 110
28 71 106
28 72 246
28 76 488
28 77 395
28 78 28
28 79 439
28 80 397
28 82 376
28 83 10
28 86 134
28 87 479
28 92 301
28 93 129
28 94 334
28 95 291
28 97 466
28 98 496
28 100 213
29 32 183
29 35 121
29 36 309
29 39 144
29 40 154
29 41 435
29 42 48
29 44 116
29 46 82
29 49 113
29 54 192
29 55 209
29 58 473
29 59 466
29 60 152
29 61 307
29 63 242
29 65 66
29 66 51
29 67 208
29 69 354
29 71 214
29 74 308
29 77 263
29 78 174
29 80 104
29 82 186
29 84 328
29 86 441
29 88 426
29 89 333
29 90 217
29 91 272
29 92 498
29 94 172
29 96 434
29 99 309
29 100 113
30 31 74
30 34 167
30 36 212
30 39 458
30 42 431
30 43 307
30 44 354
30 46 103
30 47 478
30 48 69
30 49 466
30 51 53
30 53 455
30 54 247
30 56 413
30 57 114
30 59 437
30 61 97
30 62 449
30 64 256
30 65 341
30 71 164
30 73 238
30 75 484
30 77 397
30 80 234
30 84 374
30 85 485
30 86 136
30 87 44
30 88 243
30 89 126
30 90 271
30 93 305
30 94 371
30 95 328
30 97 157
30 98 263
30 99 471
30 100 321
31 32 282
31 33 470
31 34 336
31 35 27
31 36 409
31 38 245
31 39 441
31 40 453
31 41 358
31 43 230
31 44 35
31 45 289
31 47 329
31 49 237
31 52 157
31 55 169
31 56 254
31 57 396
31 58 296
31 59 372
31 61 407
31 68 279
31 69 65
31 70 142
31 75 495
31 78 479
31 80 121
31 81 453
31 82 177
31 86 464
31 87 337
31 88 270
31 89 444
31 91 87
31 92 133
31 93 364
31 94 297
31 95 354
31 96 292
31 99 471
32 33 148
32 34 191
32 35 284
32 36 370
32 39 291
32 43 160
32 45 25
32 46 156
32 48 87
32 51 150
32 56 355
32 60 123
32 61 102
32 63 352
32 64 66
32 66 425
32 67 474
32 70 167
32 73 93
32 75 257
32 76 59
32 80 333
32 83 373
32 85 405
32 88 321
32 90 402
32 91 458
32 92 148
32 93 282
32 94 245
32 96 355
32 99 350
33 34 33
33 35 48
33 41 223
33 44 389
33 47 373
33 51 249
33 55 422
33 58 475
33 59 360
33 62 467
33 63 269
33 64 87
33 68 199
33 72 55
33 74 220
33 75 125
33 78 327
33 80 267
33 81 200
33 82 15
33 83 353
33 84 412
33 88 141
33 90 304
33 91 241
33 92 235
33 93 183
33 97 460
33 100 239
34 42 136
34 47 180
34 48 359
34 51 398
34 52 427
34 53 141
34 54 269
34 59 164
34 60 58
34 61 347
34 62 463
34 63 495
34 64 299
34 66 479
34 68 19
34 69 32
34 72 225
34 74 494
34 75 72
34 76 177
34 79 147
34 81 466
34 83 239
34 86 281
34 87 182
34 89 299
34 90 377
34 92 103
34 93 153
34 94 497
34 96 452
34 97 247
34 98 14
34 99 252
34 100 186
35 37 140
35 38 340
35 42 408
35 43 231
35 45 386
35 47 266
35 49 140
35 50 323
35 52 191
35 54 204
35 56 461
35 58 458
35 61 333
35 64 346
35 65 79
35 66 489
35 70 414
35 76 346
35 78 226
35 82 273
35 83 2
35 84 205
35 87 336
35 88 60
35 92 224
35 96 188
35 97 286
36 37 181
36 38 281
36 41 222
36 43 148
36 44 403
36 46 240
36 48 351
36 51 317
36 52 210
36 57 27
36 63 115
36 67 201
36 69 405
36 72 238
36 73 402
36 74 165
36 75 101
36 78 318
36 79 455
36 83 297
36 84 296
36 89 460
36 92 344
36 93 435
36 94 99
36 96 489
36 98 368
36 99 278
37 38 54
37 43 26
37 44 376
37 47 178
37 48 178
37 50 40
37 51 349
37 52 217
37 53 128
37 55 495
37 57 292
37 59 44
37 60 251
37 62 54
37 63 100
37 66 227
37 67 258
37 68 186
37 71 435
37 73 340
37 74 139
37 78 313
37 80 242
37 82 465
37 84 342
37 85 19
37 89 121
37 90 155
37 92 36
37 94 410
37 97 260
37 98 380
37 100 470
38 39 325
38 40 375
38 41 233
38 43 75
38 44 336
38 46 234
38 51 490
38 54 481
38 56 400
38 59 451
38 62 163
38 66 26
38 68 299
38 69 418
38 70 459
38 71 460
38 75 171
38 77 319
38 78 101
38 79 73
38 83 340
38 86 436
38 92 409
38 93 108
38 95 389
38 96 386
38 98 338
38 100 378
39 42 322
39 47 417
39 48 148
39 51 251
39 55 36
39 56 54
39 57 341
39 59 178
39 63 455
39 65 168
39 66 137
39 67 326
39 68 466
39 70 84
39 72 81
39 75 479
39 82 445
39 83 360
39 84 87
39 85 69
39 86 280
39 89 36
39 90 134
39 92 488
39 93 368
39 94 139
39 95 490
39 96 189
39 99 128
39 100 406
40 42 260
40 43 367
40 46 155
40 47 195
40 48 470
40 49 96
40 51 383
40 52 216
40 54 206
40 57 443
40 60 258
40 63 263
40 65 130
40 66 200
40 67 169
40 70 257
40 71 437
40 72 157
40 74 40
40 76 68
40 77 26
40 80 227
40 84 275
40 85 268
40 91 431
40 93 189
40 98 112
41 42 260
41 43 329
41 44 395
41 49 151
41 50 496
41 51 414
41 55 393
41 58 315
41 59 406
41 60 95
41 63 277
41 70 246
41 77 407
41 78 302
41 79 338
41 80 261
41 82 167
41 83 224
41 84 104
41 85 390
41 86 197
41 87 445
41 90 134
41 91 323
41 97 322
41 98 328
41 100 366
42 44 33
42 46 422
42 47 203
42 48 430
42 49 425
42 50 65
42 51 118
42 53 218
42 55 282
42 56 72
42 57 339
42 59 277
42 61 145
42 62 312
42 64 235
42 69 28
42 70 71
42 71 383
42 73 378
42 74 442
42 75 80
42 76 247
42 80 263
42 81 161
42 82 394
42 87 438
42 89 329
42 91 372
42 92 79
42 95 410
43 44 433
43 45 33
43 48 78
43 49 281
43 51 324
43 52 61
43 53 156
43 54 140
43 55 311
43 56 337
43 57 490
43 58 65
43 62 465
43 63 432
43 64 195
43 65 248
43 73 98
43 75 237
43 77 232
43 78 259
43 79 253
43 80 206
43 83 366
43 87 319
43 89 341
43 91 285
43 94 30
43 96 172
43 99 124
44 45 160
44 47 261
44 48 1
44 50 367
44 51 199
44 52 354
44 54 69
44 57 420
44 59 427
44 62 383
44 64 107
44 66 108
44 70 294
44 71 75
44 74 115
44 75 34
44 77 179
44 80 43
44 82 186
44 88 86
44 89 114
44 90 485
44 97 139
44 99 295
45 48 137
45 49 97
45 51 468
45 55 274
45 56 144
45 58 406
45 59 55
45 63 77
45 64 437
45 65 265
45 66 250
45 68 164
45 69 253
45 70 319
45 74 461
45 75 194
45 76 9
45 78 360
45 86 445
45 87 258
45 89 285
45 91 227
45 93 125
45 97 83
46 47 279
46 48 129
46 49 206
46 53 436
46 54 236
46 56 355
46 58 16
46 60 483
46 61 436
46 64 104
46 66 62
46 67 155
46 68 73
46 70 489
46 73 102
46 75 368
46 80 230
46 83 191
46 84 346
46 87 311
46 90 280
46 91 84
46 95 128
46 96 221
46 99 280
46 100 5
47 49 259
47 50 60
47 51 378
47 56 369
47 57 201
47 58 491
47 59 486
47 63 363
47 64 99
47 65 137
47 67 417
47 75 170
47 76 222
47 77 361
47 78 247
47 79 239
47 82 403
47 83 403
47 88 32
47 90 488
47 91 185
47 96 298
47 99 388
48 50 273
48 53 55
48 57 47
48 58 445
48 59 93
48 61 37
48 63 40
48 64 480
48 65 475
48 66 169
48 68 204
48 70 254
48 71 221
48 72 173
48 73 439
48 74 73
48 77 118
48 80 125
48 81 183
48 82 278
48 84 163
48 86 447
48 90 258
48 93 404
48 95 257
48 96 98
48 97 323
48 99 441
48 100 337
49 51 378
49 54 80
49 56 304
49 57 136
49 59 171
49 60 263
49 65 445
49 67 269
49 69 210
49 75 190
49 76 347
49 77 440
49 78 97
49 80 232
49 81 193
49 85 67
49 86 157
49 87 64
49 88 487
49 91 319
49 94 47
49 96 236
49 98 52
50 52 419
50 60 207
50 62 194
50 63 329
50 67 337
50 72 79
50 73 27
50 75 250
50 79 397
50 80 38
50 81 405
50 82 350
50 83 215
50 84 259
50 85 403
50 87 241
50 89 478
50 90 451
50 91 156
50 92 331
50 93 282
50 94 451
50 96 126
50 99 457
51 52 388
51 53 64
51 54 242
51 56 463
51 57 456
51 58 463
51 64 409
51 65 429
51 66 359
51 67 263
51 71 37
51 72 256
51 74 383
51 77 189
51 79 174
51 80 246
51 81 154
51 82 212
51 83 219
51 85 365
51 87 3
51 90 450
51 91 338
51 92 491
51 94 436
51 95 268
51 96 74
51 97 76
52 53 11
52 54 299
52 58 419
52 62 343
52 64 459
52 72 125
52 73 313
52 81 377
52 82 159
52 84 89
52 86 209
52 87 358
52 89 257
52 90 361
52 91 328
52 93 230
52 96 281
52 97 388
52 99 7
53 56 454
53 58 55
53 59 303
53 60 330
53 62 87
53 67 64
53 68 105
53 71 262
53 72 446
53 76 365
53 79 394
53 80 27
53 81 342
53 84 221
53 86 454
53 87 298
53 88 19
53 89 280
53 91 319
53 92 13
53 93 314
53 94 65
53 95 383
53 98 210
54 55 227
54 56 62
54 57 56
54 59 213
54 61 10
54 66 447
54 68 262
54 70 495
54 72 284
54 74 377
54 75 93
54 80 475
54 82 373
54 83 292
54 90 187
54 91 158
54 92 65
54 93 20
54 94 459
54 95 467
54 96 4
54 97 375
54 100 267
55 56 282
55 58 432
55 60 106
55 64 159
55 66 228
55 67 390
55 68 334
55 69 419
55 71 200
55 73 84
55 75 350
55 78 88
55 80 134
55 83 447
55 89 359
55 94 15
55 97 475
55 98 342
56 58 93
56 60 4
56 61 240
56 62 334
56 63 464
56 64 254
56 65 293
56 67 244
56 71 417
56 73 392
56 78 54
56 83 448
56 86 249
56 88 139
56 89 431
56 90 108
56 92 151
56 95 237
56 96 35
56 99 367
56 100 418
57 63 498
57 64 193
57 66 109
57 68 135
57 72 394
57 73 363
57 75 175
57 76 196
57 77 273
57 78 273
57 79 217
57 88 10
57 89 285
57 90 68
57 91 161
57 96 355
57 97 209
57 99 182
58 60 256
58 61 388
58 62 186
58 63 174
58 66 475
58 69 101
58 70 16
58 71 443
58 77 312
58 79 338
58 82 260
58 83 225
58 84 114
58 85 482
58 92 323
58 94 116
58 96 222
58 97 369
58 98 141
58 99 358
58 100 87
59 61 346
59 64 235
59 66 299
59 67 199
59 72 318
59 73 452
59 75 174
59 79 89
59 81 175
59 82 230
59 83 406
59 86 182
59 88 42
59 92 367
59 93 76
59 94 343
59 96 294
59 97 65
59 98 98
59 99 60
59 100 362
60 61 327
60 65 290
60 66 445
60 69 291
60 76 323
60 79 151
60 80 140
60 81 23
60 82 235
60 85 252
60 86 150
60 87 383
60 88 273
60 89 189
60 91 258
60 92 192
60 93 465
60 94 118
60 95 29
60 96 40
60 98 242
60 100 265
61 65 168
61 67 328
61 69 433
61 71 255
61 72 16
61 73 373
61 74 429
61 76 458
61 78 339
61 84 310
61 85 213
61 89 309
61 90 16
61 91 129
61 92 36
61 93 271
61 94 125
61 95 176
61 98 137
61 100 51
62 65 59
62 66 82
62 67 205
62 68 123
62 69 347
62 73 97
62 75 409
62 76 93
62 79 48
62 80 6
62 81 436
62 85 360
62 89 120
62 90 393
62 91 387
62 92 458
62 93 481
62 95 124
63 64 423
63 67 447
63 71 229
63 74 170
63 75 174
63 78 240
63 80 402
63 87 32
63 90 422
63 93 47
63 95 211
63 97 380
63 99 233
63 100 337
64 65 194
64 66 153
64 70 301
64 71 86
64 72 144
64 73 478
64 74 48
64 76 247
64 78 209
64 79 240
64 81 350
64 83 4
64 85 315
64 87 287
64 89 239
64 92 82
64 93 319
64 97 167
64 98 35
64 100 52
65 66 474
65 67 417
65 73 130
65 74 70
65 76 128
65 77 90
65 78 102
65 79 179
65 80 217
65 81 465
65 82 222
65 84 273
65 88 118
65 92 445
65 93 306
65 94 213
65 95 419
65 97 128
65 98 436
65 100 430
66 68 244
66 71 266
66 72 152
66 73 179
66 76 108
66 78 298
66 80 11
66 83 424
66 84 384
66 86 282
66 89 312
66 92 363
66 95 175
66 96 322
66 97 160
66 99 235
67 68 23
67 69 212
67 70 85
67 72 222
67 73 208
67 76 455
67 79 244
67 81 17
67 83 191
67 85 110
67 86 234
67 87 134
67 89 157
67 92 241
67 94 241
67 95 130
67 99 447
67 100 368
68 70 55
68 71 33
68 72 283
68 74 17
68 75 326
68 77 260
68 79 224
68 80 221
68 87 148
68 88 415
68 90 478
68 91 389
68 94 430
68 98 202
69 71 247
69 73 62
69 74 131
69 76 195
69 77 247
69 79 140
69 84 394
69 87 451
69 88 33
69 92 7
69 94 480
69 96 111
69 97 499
69 98 386
70 73 430
70 74 132
70 75 141
70 76 64
70 77 490
70 78 104
70 79 439
70 82 207
70 85 165
70 86 464
70 91 487
70 92 28
70 94 457
70 95 88
70 96 383
70 97 227
70 98 122
71 72 494
71 74 180
71 76 122
71 79 447
71 80 87
71 81 186
71 82 240
71 83 99
71 85 463
71 87 481
71 88 384
71 89 255
71 91 249
71 92 405
71 93 357
71 97 3
71 99 366
71 100 72
72 73 103
72 76 120
72 80 450
72 82 482
72 83 388
72 84 498
72 85 437
72 86 245
72 87 336
72 88 45
72 89 317
72 91 388
72 92 284
72 93 84
72 94 193
72 95 151
72 96 96
72 97 281
72 99 323
72 100 146
73 74 41
73 76 64
73 79 169
73 81 80
73 82 201
73 83 296
73 84 138
73 85 467
73 87 373
73 88 240
73 89 303
73 90 255
73 91 301
73 93 39
73 95 309
73 97 155
73 99 264
74 75 54
74 77 349
74 78 280
74 79 236
74 82 402
74 84 205
74 85 74
74 86 396
74 91 342
74 94 432
74 95 385
74 97 29
74 99 308
74 100 388
75 78 393
75 79 93
75 80 408
75 82 203
75 83 304
75 84 477
75 88 276
75 89 277
75 90 351
75 92 13
75 93 138
75 95 365
75 97 238
76 77 90
76 78 418
76 81 319
76 82 475
76 83 338
76 85 391
76 88 167
76 90 155
76 93 96
76 94 176
76 95 50
76 96 476
76 97 296
76 100 432
77 84 497
77 85 373
77 86 229
77 87 5
77 90 465
77 97 450
77 99 427
77 100 187
78 82 336
78 83 23
78 85 173
78 86 459
78 90 349
78 91 164
78 92 20
78 93 145
78 99 215
79 80 136
79 81 401
79 82 24
79 85 344
79 89 416
79 92 191
79 98 64
80 81 186
80 83 387
80 85 375
80 88 191
80 89 89
80 90 225
80 91 78
80 92 260
80 95 226
80 96 84
80 98 225
81 82 178
81 84 32
81 85 41
81 86 201
81 89 386
81 90 104
81 92 106
81 94 141
81 95 97
81 96 382
81 97 39
82 83 16
82 84 373
82 88 288
82 90 267
82 91 11
82 92 424
82 94 177
82 97 266
83 85 319
83 86 196
83 87 299
83 90 386
83 92 452
83 93 168
83 94 61
83 96 484
83 97 371
83 98 270
84 86 446
84 87 80
84 88 493
84 92 105
84 93 432
84 94 155
84 95 220
84 97 438
84 100 499
85 89 435
85 90 67
85 92 241
85 93 434
85 95 435
85 96 76
85 98 205
85 99 285
85 100 416
86 87 305
86 89 22
86 93 111
86 94 376
86 95 246
86 96 207
86 97 298
86 99 11
86 100 455
87 88 299
87 89 263
87 90 315
87 91 253
87 92 208
87 93 327
88 89 483
88 90 215
88 91 8
88 95 430
88 97 7
88 98 286
88 99 406
88 100 97
89 92 147
89 93 283
89 96 443
89 99 423
90 92 169
90 93 259
90 94 295
90 95 493
90 97 57
90 100 242
91 92 420
91 93 228
91 95 329
91 97 51
91 98 248
92 94 59
92 97 98
93 94 491
93 95 308
93 96 447
93 97 389
93 99 395
94 95 2
94 96 6
94 98 253
94 100 362
96 97 139
96 100 250
97 98 45
97 99 465
97 100 399
98 99 20
98 100 135
