100 2523
1 2 306
1 7 105
1 8 295
1 10 94
1 11 255
1 12 365
1 15 240
1 17 197
1 20 285
1 26 385
1 27 493
1 29 194
1 30 221
1 34 387
1 35 198
1 37 437
1 38 146
1 39 20
1 40 157
1 41 289
1 42 76
1 43 451
1 44 192
1 45 458
1 52 314
1 54 499
1 56 197
1 57 72
1 58 89
1 59 45
1 61 112
1 65 267
1 66 111
1 69 23
1 72 223
1 76 103
1 79 195
1 80 315
1 81 261
1 82 181
1 85 71
1 86 196
1 87 103
1 89 181
1 90 360
1 92 83
1 95 360
1 98 61
1 100 154
2 7 291
2 16 132
2 17 264
2 19 199
2 21 260
2 25 96
2 26 104
2 27 140
2 28 396
2 30 411
2 31 395
2 35 89
2 36 16
2 37 206
2 38 474
2 39 321
2 40 271
2 41 198
2 44 405
2 45 47
2 48 176
2 50 374
2 51 460
2 58 76
2 59 128
2 60 463
2 61 135
2 62 369
2 65 459
2 68 14
2 70 473
2 72 384
2 73 463
2 76 51
2 78 126
2 80 490
2 81 359
2 82 423
2 84 62
2 85 415
2 90 209
2 96 99
2 97 241
3 5 265
3 8 444
3 10 400
3 12 93
3 13 171
3 16 324
3 18 107
3 19 147
3 23 451
3 24 328
3 27 335
3 28 477
3 29 245
3 31 429
3 32 452
3 36 37
3 37 479
3 41 166
3 42 273
3 43 38
3 44 451
3 45 74
3 46 261
3 48 350
3 49 286
3 50 367
3 53 355
3 54 486
3 58 151
3 59 327
3 60 476
3 61 439
3 62 150
3 64 223
3 66 417
3 70 390
3 72 460
3 74 214
3 75 390
3 76 210
3 78 378
3 79 16
3 80 246
3 81 131
3 82 146
3 86 183
3 89 168
3 91 336
3 92 446
3 96 278
3 97 12
3 99 163
4 5 408
4 7 148
4 8 259
4 11 238
4 12 293
4 13 15
4 14 196
4 16 143
4 17 376
4 18 432
4 20 443
4 21 239
4 24 70
4 27 314
4 28 272
4 29 142
4 31 213
4 34 376
4 35 456
4 37 332
4 40 83
4 41 460
4 42 322
4 43 186
4 48 76
4 49 381
4 50 224
4 52 403
4 53 376
4 56 352
4 60 426
4 63 472
4 64 464
4 67 409
4 68 496
4 74 186
4 75 150
4 77 409
4 78 182
4 80 498
4 81 169
4 82 315
4 85 14
4 91 115
4 92 119
4 93 84
4 96 61
4 97 45
4 98 352
5 6 225
5 8 313
5 9 217
5 10 30
5 15 405
5 17 111
5 19 194
5 20 414
5 21 477
5 22 422
5 23 134
5 25 360
5 26 439
5 27 458
5 28 91
5 32 104
5 33 118
5 34 66
5 37 164
5 39 373
5 45 276
5 49 477
5 50 53
5 51 263
5 53 150
5 54 315
5 56 380
5 57 153
5 58 282
5 59 265
5 60 308
5 61 415
5 63 166
5 65 442
5 66 357
5 67 36
5 69 365
5 70 60
5 72 210
5 74 254
5 80 485
5 82 178
5 84 344
5 85 410
5 86 253
5 88 288
5 89 11
5 90 258
5 91 299
5 92 57
5 93 275
5 94 189
5 95 460
5 96 328
5 98 73
6 7 173
6 8 97
6 10 349
6 11 95
6 12 60
6 13 67
6 15 143
6 17 472
6 18 97
6 19 301
6 23 214
6 24 366
6 25 444
6 28 398
6 30 302
6 31 358
6 33 424
6 34 38
6 38 86
6 42 5
6 44 218
6 48 48
6 49 89
6 51 34
6 52 3
6 55 226
6 57 344
6 58 437
6 59 226
6 60 64
6 61 341
6 63 123
6 64 95
6 65 401
6 68 372
6 69 38
6 70 233
6 72 13
6 77 4
6 78 328
6 79 492
6 80 79
6 81 428
6 83 435
6 84 26
6 85 436
6 86 133
6 87 375
6 88 448
6 90 458
6 91 497
6 92 1
6 94 333
6 98 137
6 100 342
7 9 56
7 13 310
7 15 463
7 16 484
7 18 442
7 21 193
7 22 316
7 24 446
7 25 138
7 26 476
7 27 479
7 31 65
7 33 152
7 34 331
7 36 315
7 37 155
7 38 238
7 39 3
7 41 318
7 42 26
7 43 287
7 46 401
7 49 468
7 50 470
7 51 8
7 52 314
7 58 374
7 59 272
7 61 52
7 62 234
7 66 190
7 67 91
7 69 96
7 71 438
7 76 270
7 77 233
7 78 454
7 79 153
7 82 495
7 84 370
7 85 401
7 86 447
7 88 424
7 93 69
7 98 161
7 99 369
7 100 104
8 10 34
8 11 26
8 12 494
8 14 142
8 19 233
8 20 321
8 24 197
8 25 198
8 26 270
8 28 305
8 29 488
8 31 369
8 32 51
8 33 136
8 34 414
8 35 57
8 37 446
8 38 278
8 39 381
8 42 203
8 43 71
8 44 294
8 46 377
8 48 121
8 50 35
8 52 447
8 54 132
8 55 347
8 58 459
8 61 42
8 64 351
8 67 301
8 71 117
8 74 109
8 75 352
8 76 302
8 77 400
8 81 497
8 83 39
8 84 185
8 86 48
8 87 122
8 88 256
8 89 187
8 91 43
8 92 78
8 94 430
8 97 160
8 98 272
8 99 398
9 11 85
9 13 466
9 16 130
9 19 15
9 20 53
9 22 131
9 23 470
9 26 110
9 28 159
9 32 326
9 33 11
9 37 296
9 39 93
9 43 306
9 44 279
9 45 158
9 46 370
9 47 226
9 48 297
9 52 26
9 53 404
9 55 192
9 58 239
9 60 473
9 61 451
9 67 154
9 68 494
9 70 220
9 71 26
9 72 343
9 74 25
9 76 174
9 79 90
9 87 280
9 88 363
9 89 265
9 91 259
9 96 360
9 97 172
9 98 426
10 15 228
10 16 114
10 17 188
10 20 35
10 21 117
10 22 492
10 23 201
10 27 48
10 29 377
10 30 9
10 31 9
10 32 429
10 33 38
10 34 32
10 35 255
10 36 322
10 37 71
10 38 495
10 42 163
10 43 27
10 45 74
10 47 228
10 51 98
10 54 477
10 55 65
10 56 396
10 60 137
10 61 482
10 62 326
10 65 346
10 67 432
10 68 210
10 74 48
10 76 447
10 78 241
10 79 344
10 80 272
10 81 246
10 83 6
10 87 309
10 88 219
10 90 35
10 95 52
11 12 219
11 13 283
11 15 29
11 16 159
11 18 337
11 19 499
11 21 218
11 22 274
11 23 268
11 25 368
11 27 112
11 28 153
11 29 100
11 30 473
11 31 269
11 35 337
11 36 406
11 37 127
11 38 374
11 39 124
11 41 430
11 45 240
11 46 167
11 48 144
11 50 117
11 52 357
11 53 123
11 54 229
11 56 180
11 61 473
11 64 462
11 67 39
11 68 466
11 69 499
11 72 330
11 73 278
11 75 170
11 76 51
11 81 95
11 84 161
11 85 55
11 86 343
11 90 83
11 91 99
11 92 219
11 93 247
11 95 245
11 97 73
11 98 147
11 100 123
12 13 386
12 14 312
12 16 144
12 21 420
12 22 131
12 23 36
12 27 31
12 28 67
12 30 408
12 32 329
12 33 188
12 35 277
12 36 453
12 38 384
12 39 306
12 41 234
12 42 289
12 43 450
12 45 74
12 46 188
12 47 212
12 49 26
12 54 383
12 57 239
12 61 469
12 66 21
12 68 371
12 69 157
12 71 11
12 76 268
12 77 95
12 78 344
12 81 429
12 82 12
12 83 416
12 84 46
12 85 273
12 87 72
12 88 224
12 89 8
12 90 231
12 92 344
12 93 168
12 94 383
12 95 358
12 96 453
12 97 462
12 98 256
12 99 401
13 14 224
13 16 141
13 18 220
13 20 6
13 23 411
13 25 80
13 27 120
13 28 19
13 30 258
13 32 10
13 33 446
13 34 135
13 35 25
13 36 322
13 37 273
13 38 174
13 39 84
13 41 201
13 51 72
13 53 82
13 56 131
13 61 338
13 63 375
13 64 339
13 66 102
13 70 330
13 71 391
13 74 242
13 76 426
13 77 91
13 79 271
13 80 473
13 81 187
13 83 340
13 86 468
13 89 55
13 90 22
13 92 76
13 93 415
13 99 133
14 15 481
14 18 164
14 24 355
14 26 410
14 29 466
14 30 141
14 34 461
14 35 499
14 36 392
14 38 359
14 39 21
14 43 327
14 45 183
14 46 306
14 47 493
14 48 400
14 49 88
14 50 149
14 51 395
14 54 211
14 56 82
14 60 252
14 61 187
14 66 134
14 67 381
14 68 441
14 70 119
14 72 133
14 73 436
14 78 479
14 81 362
14 82 395
14 83 86
14 84 398
14 85 158
14 87 69
14 91 335
14 93 224
14 97 253
14 98 262
15 17 85
15 18 190
15 20 49
15 21 24
15 27 338
15 29 362
15 31 210
15 32 352
15 33 350
15 35 359
15 37 376
15 39 66
15 40 402
15 44 308
15 45 427
15 47 44
15 48 160
15 49 170
15 52 135
15 54 332
15 56 252
15 57 225
15 58 129
15 59 164
15 60 16
15 61 142
15 62 269
15 64 21
15 66 336
15 68 274
15 70 57
15 71 495
15 73 388
15 75 141
15 76 110
15 79 297
15 80 116
15 81 236
15 82 232
15 83 183
15 84 391
15 89 180
15 90 282
15 91 95
15 99 174
16 18 423
16 20 86
16 26 332
16 27 191
16 29 95
16 30 495
16 31 34
16 34 373
16 38 36
16 39 259
16 41 337
16 42 116
16 43 118
16 47 319
16 49 428
16 54 313
16 55 341
16 58 251
16 59 373
16 61 482
16 62 343
16 64 275
16 69 409
16 70 90
16 71 171
16 72 316
16 74 129
16 78 356
16 82 35
16 83 297
16 84 382
16 85 207
16 87 20
16 88 215
16 89 301
16 90 265
16 92 359
16 93 306
16 96 18
16 97 134
16 100 491
17 18 406
17 19 484
17 20 360
17 24 282
17 25 274
17 27 83
17 30 377
17 34 330
17 37 372
17 38 338
17 39 444
17 41 11
17 43 148
17 48 343
17 52 305
17 56 217
17 58 372
17 59 215
17 62 492
17 64 280
17 65 73
17 68 204
17 69 241
17 70 183
17 71 92
17 72 296
17 74 474
17 76 483
17 81 89
17 83 34
17 84 95
17 85 63
17 86 125
17 88 6
17 89 104
17 90 199
17 91 186
17 94 469
17 95 167
17 96 345
17 100 462
18 20 496
18 22 404
18 23 419
18 24 107
18 25 468
18 27 92
18 29 68
18 32 318
18 34 465
18 37 38
18 40 399
18 42 210
18 43 148
18 44 468
18 45 151
18 46 357
18 47 142
18 49 223
18 52 461
18 55 119
18 56 244
18 57 397
18 65 294
18 67 223
18 69 36
18 72 133
18 75 236
18 76 58
18 81 305
18 84 364
18 85 385
18 87 456
18 88 393
18 89 315
18 90 491
18 91 53
18 92 357
18 96 393
18 97 96
18 99 94
19 20 3
19 21 470
19 22 117
19 25 90
19 27 46
19 34 142
19 37 311
19 39 374
19 41 43
19 42 228
19 43 135
19 46 237
19 48 427
19 49 180
19 53 376
19 55 18
19 56 379
19 57 246
19 61 356
19 63 84
19 64 315
19 65 484
19 68 217
19 70 174
19 71 489
19 73 143
19 74 185
19 76 64
19 77 144
19 80 245
19 81 36
19 82 61
19 83 92
19 84 17
19 85 450
19 86 319
19 89 9
19 91 275
19 92 90
19 94 52
19 95 74
19 96 69
20 24 228
20 28 17
20 29 176
20 31 461
20 32 265
20 34 132
20 35 96
20 36 287
20 37 77
20 44 377
20 47 215
20 48 119
20 49 188
20 50 118
20 51 33
20 52 118
20 53 191
20 55 286
20 58 65
20 61 275
20 62 47
20 63 303
20 64 314
20 67 222
20 70 18
20 72 66
20 73 372
20 77 59
20 78 329
20 81 217
20 83 264
20 84 8
20 86 111
20 87 235
20 88 190
20 89 178
20 91 195
20 93 260
20 96 411
20 97 168
20 98 176
21 22 276
21 23 469
21 24 127
21 29 200
21 30 67
21 31 210
21 34 217
21 35 121
21 36 302
21 41 459
21 42 266
21 43 313
21 48 22
21 49 385
21 50 111
21 52 320
21 53 464
21 54 190
21 55 332
21 56 283
21 57 269
21 59 261
21 61 27
21 63 69
21 64 338
21 65 181
21 66 381
21 67 148
21 71 269
21 73 236
21 74 409
21 76 297
21 77 447
21 78 209
21 79 435
21 80 351
21 81 359
21 82 329
21 83 393
21 84 110
21 85 114
21 86 254
21 87 467
21 89 46
21 91 232
21 92 428
21 93 165
21 95 151
21 96 265
21 97 461
21 98 301
21 99 363
21 100 68
22 23 437
22 24 416
22 25 442
22 28 22
22 30 358
22 33 118
22 35 46
22 36 52
22 38 480
22 41 270
22 43 221
22 45 66
22 49 294
22 51 111
22 52 329
22 53 473
22 54 456
22 57 137
22 59 335
22 60 153
22 61 246
22 62 191
22 63 74
22 65 379
22 66 330
22 68 492
22 69 329
22 70 61
22 75 208
22 78 417
22 79 312
22 83 83
22 88 250
22 91 374
22 95 371
22 96 127
22 97 163
22 100 18
23 24 396
23 25 431
23 26 282
23 30 151
23 31 178
23 32 71
23 35 79
23 36 80
23 37 433
23 38 207
23 40 257
23 41 413
23 42 379
23 43 487
23 45 47
23 46 114
23 48 42
23 50 466
23 51 255
23 52 394
23 54 251
23 58 202
23 64 446
23 70 302
23 71 228
23 73 471
23 74 453
23 75 461
23 76 491
23 77 253
23 78 290
23 79 388
23 80 396
23 83 196
23 84 163
23 86 420
23 87 379
23 91 343
23 93 369
23 97 177
23 98 353
23 99 199
24 25 87
24 28 107
24 31 462
24 33 94
24 34 484
24 35 67
24 36 264
24 39 334
24 40 325
24 45 152
24 46 209
24 50 258
24 51 297
24 52 167
24 53 178
24 54 64
24 55 256
24 58 191
24 59 227
24 60 345
24 61 185
24 64 179
24 68 7
24 69 419
24 72 26
24 74 297
24 75 263
24 76 495
24 79 60
24 81 286
24 82 177
24 83 332
24 84 195
24 85 278
24 86 469
24 87 401
24 89 320
24 90 112
24 92 164
24 95 392
24 96 376
24 97 379
24 99 166
25 27 95
25 28 365
25 29 207
25 30 373
25 31 407
25 35 445
25 36 258
25 37 464
25 38 1
25 40 392
25 41 409
25 42 153
25 43 146
25 46 385
25 48 369
25 49 111
25 50 93
25 51 440
25 52 151
25 54 409
25 56 109
25 59 436
25 65 351
25 66 106
25 67 475
25 68 105
25 69 231
25 71 235
25 72 61
25 73 356
25 74 73
25 76 181
25 77 13
25 78 105
25 82 219
25 90 360
25 91 38
25 93 230
25 94 294
25 96 366
25 97 107
25 98 155
25 100 259
26 27 20
26 28 271
26 29 65
26 30 240
26 33 496
26 37 467
26 39 50
26 40 415
26 41 418
26 47 61
26 51 22
26 53 33
26 54 292
26 55 66
26 58 178
26 59 449
26 60 107
26 61 183
26 62 141
26 63 269
26 64 326
26 67 280
26 68 462
26 71 367
26 73 436
26 74 141
26 78 247
26 80 196
26 82 314
26 83 445
26 84 231
26 85 243
26 86 325
26 88 382
26 90 228
26 91 35
26 92 270
26 93 31
26 94 390
26 97 203
26 100 286
27 28 336
27 29 432
27 31 175
27 37 170
27 38 222
27 40 34
27 42 352
27 43 11
27 48 130
27 49 413
27 50 465
27 52 397
27 53 425
27 54 51
27 61 466
27 65 484
27 66 146
27 69 30
27 70 343
27 71 111
27 72 247
27 74 118
27 75 386
27 76 44
27 79 427
27 80 340
27 81 38
27 82 234
27 83 415
27 86 428
27 87 129
27 89 126
27 90 428
27 91 323
27 94 352
27 98 405
27 99 217
27 100 442
28 29 460
28 31 471
28 33 334
28 35 262
28 37 162
28 40 166
28 42 132
28 43 111
28 44 496
28 51 93
28 53 65
28 54 210
28 55 303
28 57 199
28 60 207
28 61 273
28 63 168
28 65 173
28 67 447
28 69 178
28 70 304
28 72 397
28 73 313
28 74 187
28 76 268
28 77 406
28 78 408
28 80 115
28 83 317
28 86 400
28 89 135
28 90 235
28 94 272
28 97 453
28 98 479
28 99 41
28 100 464
29 31 423
29 34 123
29 40 176
29 42 309
29 44 225
29 48 483
29 50 481
29 51 438
29 52 247
29 56 408
29 59 120
29 61 486
29 64 295
29 65 474
29 67 6
29 68 208
29 69 375
29 71 427
29 73 365
29 75 26
29 76 420
29 77 81
29 78 44
29 80 354
29 82 340
29 84 136
29 90 48
29 91 247
29 92 48
29 93 395
29 94 165
29 95 246
29 97 326
29 99 426
30 32 85
30 33 301
30 34 198
30 38 425
30 40 225
30 42 51
30 43 41
30 44 111
30 47 232
30 48 464
30 49 177
30 51 12
30 52 52
30 54 27
30 55 152
30 61 137
30 63 83
30 64 133
30 65 308
30 67 455
30 69 429
30 70 423
30 73 394
30 74 296
30 76 322
30 78 478
30 79 57
30 84 98
30 85 242
30 86 192
30 89 490
30 91 413
30 93 159
30 94 224
30 95 162
30 96 55
30 98 310
30 100 89
31 38 283
31 39 355
31 40 383
31 41 45
31 43 273
31 45 450
31 47 113
31 50 335
31 51 114
31 52 156
31 53 424
31 54 453
31 55 216
31 56 84
31 57 53
31 58 125
31 59 105
31 61 377
31 62 460
31 63 441
31 67 292
31 74 83
31 78 366
31 80 426
31 82 31
31 88 126
31 89 284
31 90 434
31 93 38
31 94 347
31 96 208
31 99 484
31 100 157
32 33 186
32 35 376
32 39 498
32 41 288
32 42 74
32 43 437
32 51 43
32 52 389
32 54 151
32 61 171
32 64 186
32 66 38
32 68 100
32 69 467
32 70 58
32 73 475
32 74 45
32 75 257
32 76 284
32 77 469
32 81 8
32 84 452
32 87 416
32 92 257
32 93 414
32 94 126
32 95 327
32 97 474
32 99 258
33 34 133
33 35 218
33 38 43
33 41 112
33 43 299
33 44 283
33 46 41
33 48 299
33 51 58
33 52 429
33 56 397
33 57 476
33 59 19
33 60 260
33 62 455
33 64 391
33 65 295
33 67 475
33 73 29
33 74 208
33 81 269
33 83 306
33 84 492
33 85 214
33 88 497
33 89 412
33 91 358
33 92 371
33 95 494
33 96 279
33 98 56
33 99 85
33 100 441
34 35 418
34 36 457
34 38 171
34 39 272
34 40 388
34 45 4
34 46 279
34 51 248
34 54 208
34 58 165
34 59 114
34 61 282
34 62 449
34 65 364
34 67 367
34 69 128
34 70 1
34 75 445
34 78 292
34 81 36
34 82 259
34 84 485
34 86 116
34 87 122
34 88 495
34 89 289
34 93 27
34 94 63
34 95 315
34 98 372
34 100 174
35 37 210
35 41 8
35 43 406
35 46 217
35 47 437
35 49 463
35 50 116
35 51 307
35 53 196
35 55 68
35 56 347
35 57 241
35 60 130
35 61 87
35 64 320
35 71 356
35 72 421
35 73 324
35 74 444
35 76 312
35 81 51
35 82 313
35 84 14
35 88 103
35 89 330
35 90 56
35 93 267
35 95 16
35 98 133
35 99 26
36 39 396
36 42 376
36 43 437
36 44 49
36 45 403
36 46 140
36 47 251
36 48 145
36 50 411
36 54 66
36 57 465
36 58 220
36 59 267
36 63 215
36 64 429
36 65 99
36 66 423
36 67 386
36 68 254
36 69 470
36 73 370
36 78 365
36 80 133
36 81 183
36 83 175
36 85 458
36 86 89
36 88 474
36 89 275
36 91 368
36 94 427
36 95 297
36 96 83
36 98 411
36 99 65
37 38 430
37 39 192
37 40 228
37 42 464
37 45 6
37 48 117
37 49 265
37 50 19
37 52 135
37 55 311
37 58 87
37 59 458
37 60 230
37 61 138
37 65 329
37 67 340
37 69 431
37 70 375
37 71 267
37 72 362
37 75 477
37 76 432
37 78 207
37 79 62
37 80 83
37 81 131
37 85 14
37 87 475
37 89 479
37 91 246
37 93 190
37 94 341
37 95 429
38 39 472
38 41 380
38 42 494
38 44 391
38 45 285
38 47 260
38 48 163
38 50 55
38 53 452
38 54 150
38 57 280
38 58 236
38 59 391
38 60 418
38 61 365
38 62 414
38 65 410
38 67 346
38 68 253
38 70 293
38 71 186
38 72 297
38 73 420
38 75 477
38 76 326
38 78 89
38 82 376
38 87 89
38 88 440
38 92 230
38 95 170
38 97 39
38 98 156
39 40 231
39 43 2
39 44 35
39 45 111
39 47 199
39 50 365
39 51 229
39 57 458
39 59 114
39 60 378
39 61 303
39 64 307
39 67 115
39 68 397
39 70 469
39 73 193
39 74 358
39 80 163
39 81 309
39 82 180
39 83 346
39 84 155
39 89 381
39 92 339
39 93 183
39 94 72
39 96 482
39 97 138
39 98 356
39 100 211
40 41 226
40 43 183
40 46 227
40 47 42
40 50 117
40 51 58
40 53 436
40 54 432
40 55 368
40 56 268
40 61 360
40 67 398
40 68 134
40 69 316
40 70 270
40 72 386
40 77 55
40 79 422
40 82 459
40 83 271
40 84 329
40 85 25
40 86 441
40 88 339
40 90 333
40 96 124
40 97 292
40 98 285
41 43 47
41 44 246
41 45 92
41 46 470
41 47 264
41 53 139
41 54 256
41 55 26
41 56 493
41 57 343
41 58 315
41 62 482
41 63 101
41 65 346
41 68 370
41 71 11
41 72 364
41 73 379
41 74 382
41 75 112
41 77 382
41 78 497
41 81 48
41 84 281
41 88 248
41 89 184
41 90 386
41 93 183
41 95 65
41 97 249
41 98 25
41 99 469
41 100 353
42 43 73
42 44 161
42 46 499
42 50 394
42 53 108
42 54 87
42 57 132
42 59 158
42 61 144
42 62 19
42 63 309
42 64 64
42 65 78
42 66 477
42 70 206
42 74 91
42 75 437
42 76 399
42 77 43
42 79 451
42 80 178
42 84 305
42 87 208
42 88 370
42 91 349
42 92 103
42 93 313
42 95 28
42 97 329
42 98 257
42 99 216
42 100 425
43 44 453
43 45 284
43 46 268
43 47 181
43 49 328
43 50 148
43 51 468
43 52 79
43 53 117
43 54 122
43 55 493
43 57 258
43 60 392
43 61 353
43 63 414
43 66 117
43 67 450
43 68 60
43 71 179
43 72 181
43 73 326
43 74 494
43 75 70
43 77 94
43 78 383
43 79 218
43 82 427
43 84 455
43 86 183
43 90 75
43 91 136
43 94 57
43 95 335
43 98 497
43 99 129
44 45 142
44 46 281
44 49 302
44 55 499
44 56 313
44 58 226
44 59 422
44 60 440
44 62 344
44 65 116
44 66 158
44 68 360
44 69 438
44 72 179
44 75 348
44 85 45
44 86 134
44 89 316
44 91 185
44 92 77
44 93 441
44 94 364
44 99 413
45 48 341
45 49 279
45 50 71
45 51 452
45 52 466
45 53 231
45 54 357
45 60 260
45 63 98
45 64 307
45 65 421
45 66 83
45 67 183
45 68 289
45 69 305
45 70 498
45 71 355
45 75 284
45 76 206
45 78 61
45 81 135
45 82 203
45 83 364
45 84 284
45 85 135
45 86 459
45 87 290
45 88 90
45 90 444
45 91 68
45 92 70
45 94 275
45 96 335
45 97 75
45 98 55
45 99 405
45 100 70
46 52 419
46 53 72
46 57 435
46 58 365
46 59 319
46 60 58
46 63 494
46 66 34
46 67 322
46 71 80
46 73 498
46 76 316
46 77 291
46 78 420
46 79 34
46 80 368
46 85 227
46 86 134
46 88 233
46 94 351
46 95 63
46 97 378
46 99 130
47 48 163
47 49 387
47 50 162
47 51 68
47 52 236
47 53 158
47 54 440
47 55 191
47 56 58
47 61 300
47 62 364
47 63 60
47 65 391
47 68 78
47 70 364
47 71 426
47 72 377
47 74 96
47 76 360
47 79 324
47 80 207
47 82 349
47 85 221
47 87 356
47 89 482
47 90 356
47 91 209
47 93 86
47 94 226
47 97 353
47 98 340
47 99 226
47 100 176
48 51 282
48 52 318
48 53 255
48 59 259
48 60 389
48 64 331
48 65 435
48 66 227
48 67 271
48 69 446
48 70 394
48 71 445
48 74 183
48 75 427
48 80 130
48 81 326
48 83 8
48 84 199
48 85 18
48 87 288
48 88 491
48 90 462
48 91 163
48 93 100
48 94 91
48 95 345
48 96 6
48 99 446
48 100 98
49 50 473
49 51 302
49 52 431
49 55 153
49 56 370
49 58 324
49 59 139
49 60 467
49 62 467
49 64 391
49 66 441
49 67 126
49 68 47
49 69 165
49 70 204
49 71 67
49 74 141
49 75 426
49 77 74
49 78 208
49 79 464
49 80 290
49 82 458
49 84 177
49 88 290
49 90 475
49 91 493
49 92 398
49 93 212
49 95 281
49 96 487
49 98 498
50 53 361
50 58 216
50 59 104
50 61 450
50 62 222
50 65 202
50 66 414
50 68 401
50 69 188
50 72 141
50 73 412
50 74 277
50 76 497
50 77 69
50 79 471
50 82 386
50 85 377
50 86 77
50 88 255
50 91 332
50 93 203
50 94 352
50 100 468
51 53 133
51 56 322
51 57 181
51 59 257
51 60 424
51 62 436
51 65 73
51 66 461
51 70 454
51 72 422
51 73 33
51 79 33
51 81 68
51 84 45
51 85 79
51 86 84
51 89 352
51 90 323
51 91 45
51 92 269
51 96 135
51 97 429
51 98 332
51 99 40
52 54 217
52 56 446
52 58 307
52 59 229
52 60 300
52 61 452
52 64 382
52 65 357
52 67 270
52 70 410
52 71 324
52 78 452
52 79 137
52 80 231
52 91 153
52 98 86
53 54 434
53 56 386
53 58 63
53 59 201
53 60 71
53 61 129
53 63 100
53 64 328
53 65 159
53 66 151
53 67 363
53 72 440
53 74 449
53 76 460
53 77 261
53 82 428
53 83 283
53 84 429
53 86 366
53 90 222
53 91 133
53 92 48
53 98 260
54 55 342
54 56 290
54 57 268
54 59 73
54 60 156
54 61 9
54 62 337
54 63 33
54 64 356
54 66 403
54 70 94
54 71 251
54 75 93
54 76 200
54 78 245
54 81 16
54 82 113
54 83 282
54 85 92
54 87 35
54 89 327
54 91 433
54 93 244
54 94 326
54 96 196
54 98 356
54 100 229
55 56 450
55 59 45
55 60 67
55 65 463
55 67 456
55 68 304
55 70 131
55 71 210
55 74 182
55 75 454
55 76 70
55 77 209
55 78 244
55 79 433
55 80 8
55 84 182
55 85 236
55 89 496
55 91 484
55 92 281
55 93 234
55 96 76
55 98 219
55 100 463
56 58 52
56 60 270
56 61 292
56 62 394
56 63 145
56 68 465
56 71 378
56 72 340
56 73 55
56 74 135
56 75 54
56 76 401
56 78 347
56 85 347
56 88 420
56 89 406
56 92 371
56 94 287
56 95 327
56 98 74
56 100 201
57 60 394
57 61 464
57 62 229
57 63 182
57 64 143
57 65 294
57 67 477
57 68 37
57 71 9
57 72 359
57 77 395
57 78 40
57 79 80
57 82 295
57 83 424
57 86 144
57 87 220
57 89 474
57 92 479
57 94 470
57 95 278
57 98 422
57 99 456
57 100 324
58 59 28
58 60 56
58 61 318
58 67 66
58 68 25
58 70 281
58 75 189
58 76 479
58 77 441
58 78 350
58 80 156
58 83 165
58 84 60
58 85 177
58 86 388
58 88 412
58 90 193
58 91 220
58 92 328
58 93 189
58 97 121
59 61 373
59 62 5
59 65 230
59 67 90
59 68 317
59 69 227
59 70 69
59 72 288
59 75 385
59 80 134
59 81 445
59 82 2
59 83 88
59 84 254
59 87 470
59 91 352
59 92 17
59 93 210
59 100 161
60 64 261
60 66 126
60 67 91
60 68 149
60 70 350
60 71 257
60 72 110
60 73 162
60 74 257
60 77 5
60 78 234
60 79 489
60 84 22
60 87 171
60 95 389
60 98 58
60 99 490
61 62 43
61 64 32
61 65 59
61 66 19
61 69 426
61 71 174
61 75 125
61 76 465
61 79 211
61 81 202
61 82 303
61 86 344
61 89 17
61 90 16
61 94 153
61 98 433
62 64 268
62 66 328
62 67 235
62 68 347
62 69 233
62 70 308
62 74 256
62 79 425
62 82 228
62 84 117
62 85 384
62 92 348
62 93 17
62 98 277
62 100 155
63 64 468
63 66 172
63 67 392
63 68 314
63 69 490
63 71 374
63 72 439
63 73 395
63 74 495
63 75 250
63 76 395
63 79 375
63 80 52
63 82 206
63 84 319
63 85 71
63 86 337
63 91 467
63 93 362
63 95 19
63 100 188
64 66 239
64 69 484
64 72 388
64 74 230
64 75 166
64 76 415
64 79 13
64 81 6
64 83 20
64 84 481
64 87 472
64 89 439
64 90 463
64 91 64
64 97 430
64 100 130
65 66 26
65 67 135
65 68 471
65 69 197
65 70 351
65 71 177
65 72 85
65 74 331
65 78 394
65 84 304
65 86 212
65 87 30
65 88 237
65 89 56
65 91 407
65 94 276
65 95 270
65 96 28
65 99 56
65 100 127
66 71 71
66 74 219
66 78 281
66 81 83
66 84 289
66 85 360
66 86 448
66 95 443
66 97 450
66 100 138
67 68 290
67 69 231
67 70 127
67 71 49
67 74 206
67 77 431
67 78 339
67 79 383
67 80 197
67 81 345
67 83 9
67 84 294
67 85 238
67 86 187
67 95 149
67 98 290
68 69 278
68 70 187
68 75 77
68 77 314
68 81 220
68 83 115
68 84 68
68 88 102
68 92 61
68 95 53
68 96 149
68 100 279
69 75 459
69 76 327
69 79 387
69 81 314
69 82 302
69 87 422
69 89 244
69 92 443
69 94 393
69 95 305
69 96 122
69 100 370
70 71 213
70 72 249
70 73 127
70 78 472
70 80 199
70 82 390
70 83 87
70 84 286
70 87 443
70 90 250
70 92 398
70 94 432
70 96 336
70 97 238
70 100 444
71 72 453
71 76 284
71 77 226
71 79 446
71 80 379
71 82 1
71 83 139
71 84 406
71 85 315
71 89 107
71 95 405
71 96 275
71 100 113
72 73 493
72 74 411
72 75 337
72 79 4
72 80 472
72 83 342
72 84 92
72 87 185
72 88 48
72 89 344
72 90 21
72 91 74
72 94 370
72 97 219
72 98 170
72 99 14
72 100 368
73 74 186
73 76 29
73 79 118
73 80 276
73 81 354
73 82 86
73 84 297
73 87 357
73 91 443
73 93 329
73 94 126
73 96 197
73 99 404
73 100 328
74 76 224
74 79 96
74 81 392
74 82 100
74 84 444
74 85 224
74 88 343
74 90 327
74 91 411
74 96 288
74 97 79
75 77 282
75 78 120
75 85 46
75 87 110
75 90 298
75 91 121
75 92 163
75 94 479
75 95 476
75 98 40
75 99 486
76 77 338
76 78 367
76 79 435
76 81 394
76 83 280
76 85 355
76 90 202
76 92 178
76 95 69
76 96 88
76 97 126
76 99 492
77 78 49
77 79 296
77 80 15
77 83 209
77 84 426
77 85 473
77 87 309
77 88 365
77 89 308
77 90 389
77 91 163
77 99 197
77 100 224
78 80 188
78 81 297
78 83 150
78 84 433
78 86 359
78 87 4
78 89 91
78 91 206
78 92 459
78 93 369
78 97 399
78 98 340
79 81 11
79 84 85
79 85 455
79 87 237
79 88 484
79 93 190
79 95 283
79 99 347
79 100 78
80 81 15
80 82 428
80 83 453
80 84 249
80 85 87
80 86 174
80 87 411
80 90 167
80 91 336
80 92 437
80 93 417
81 83 76
81 84 362
81 86 388
81 90 149
81 91 407
81 92 304
81 95 207
81 96 73
81 98 124
81 99 116
82 84 381
82 86 79
82 88 440
82 89 408
82 91 235
82 93 383
82 96 148
82 97 494
82 100 320
83 85 213
83 86 285
83 88 164
83 94 5
83 96 239
83 97 298
84 86 186
84 87 227
84 88 374
84 89 461
84 90 259
84 94 308
84 95 246
85 86 295
85 87 42
85 88 7
85 92 154
85 95 355
85 96 158
85 97 150
85 98 215
85 100 121
86 87 198
86 89 176
86 90 116
86 91 491
86 95 434
86 97 8
86 98 354
87 88 223
87 90 380
87 94 239
87 96 192
87 98 391
87 99 296
88 92 270
88 93 248
88 94 392
88 95 215
88 96 22
88 98 130
88 99 332
88 100 492
89 91 327
89 93 130
89 94 43
89 96 202
89 98 243
90 94 230
90 95 102
90 96 373
90 97 159
90 98 419
90 99 238
91 96 376
91 100 181
92 96 204
92 97 166
92 98 143
92 99 201
92 100 252
93 95 497
93 99 493
93 100 18
94 96 171
94 97 121
94 98 361
94 99 165
95 96 154
95 98 42
95 99 54
96 97 155
96 98 90
97 98 403
97 99 129
97 100 188
98 100 483
99 100 94
