100 2468
1 4 312
1 5 327
1 7 283
1 8 45
1 14 425
1 17 51
1 20 415
1 21 150
1 22 252
1 23 435
1 25 25
1 29 276
1 33 458
1 39 354
1 44 326
1 46 355
1 48 84
1 50 244
1 55 135
1 58 383
1 59 476
1 64 274
1 67 376
1 71 48
1 72 215
1 76 252
1 77 360
1 78 441
1 79 257
1 81 11
1 83 70
1 84 109
1 85 484
1 86 248
1 87 428
1 88 368
1 90 134
1 92 114
1 95 322
1 96 194
1 97 488
1 98 226
1 100 264
2 3 439
2 5 151
2 7 413
2 11 365
2 13 86
2 16 229
2 17 210
2 18 110
2 19 98
2 21 120
2 24 474
2 25 310
2 26 417
2 30 144
2 31 147
2 33 232
2 34 89
2 38 389
2 39 498
2 40 191
2 44 92
2 45 480
2 46 104
2 50 216
2 52 362
2 54 371
2 56 490
2 57 497
2 58 180
2 59 96
2 60 357
2 64 197
2 69 89
2 70 308
2 72 143
2 77 40
2 89 473
2 90 259
2 91 104
2 92 423
2 94 289
2 95 497
2 96 39
3 6 268
3 7 373
3 10 279
3 14 1
3 15 214
3 16 233
3 19 425
3 22 112
3 23 165
3 24 134
3 26 193
3 28 66
3 29 228
3 30 176
3 33 320
3 35 34
3 38 272
3 40 345
3 41 444
3 42 37
3 43 320
3 44 235
3 45 362
3 46 206
3 47 26
3 49 202
3 50 402
3 53 181
3 56 215
3 57 441
3 59 91
3 60 50
3 61 344
3 64 34
3 65 377
3 66 63
3 67 378
3 70 67
3 72 154
3 73 141
3 75 133
3 77 175
3 79 62
3 80 287
3 86 278
3 87 259
3 88 394
3 89 485
3 92 192
3 93 92
3 94 321
3 95 242
3 97 194
3 98 395
3 100 460
4 5 80
4 6 339
4 8 3
4 9 394
4 13 357
4 14 341
4 17 224
4 19 323
4 20 161
4 21 40
4 22 457
4 26 325
4 28 441
4 29 93
4 30 277
4 31 422
4 32 459
4 33 6
4 38 456
4 39 190
4 40 466
4 42 423
4 43 137
4 45 239
4 46 342
4 47 404
4 49 181
4 50 492
4 52 210
4 53 336
4 58 63
4 59 15
4 72 18
4 77 106
4 79 219
4 80 330
4 81 440
4 84 243
4 85 194
4 87 432
4 88 314
4 91 145
4 92 382
4 95 271
4 98 158
5 8 49
5 9 281
5 11 100
5 12 419
5 13 348
5 17 161
5 19 43
5 21 119
5 24 252
5 28 178
5 32 304
5 34 220
5 36 345
5 37 101
5 44 189
5 45 454
5 46 210
5 48 1
5 49 360
5 50 59
5 51 249
5 53 456
5 54 244
5 55 36
5 57 137
5 61 231
5 62 286
5 63 290
5 67 203
5 69 340
5 70 391
5 73 349
5 75 437
5 78 220
5 79 329
5 80 416
5 83 87
5 88 189
5 93 243
5 94 302
5 98 394
6 8 24
6 10 130
6 11 279
6 15 29
6 17 494
6 18 84
6 22 298
6 26 189
6 32 63
6 35 224
6 36 179
6 38 207
6 39 221
6 40 197
6 42 280
6 45 472
6 49 271
6 52 308
6 53 17
6 54 72
6 55 314
6 57 191
6 58 319
6 59 63
6 65 468
6 67 182
6 68 211
6 71 155
6 73 441
6 74 489
6 75 265
6 76 190
6 80 58
6 83 425
6 84 412
6 86 332
6 88 37
6 89 380
6 91 177
6 92 312
6 94 254
6 97 365
7 8 56
7 10 163
7 11 72
7 13 483
7 14 185
7 15 288
7 17 240
7 18 195
7 21 427
7 23 493
7 25 141
7 26 107
7 27 378
7 29 318
7 30 109
7 32 93
7 33 195
7 34 341
7 36 330
7 38 477
7 39 384
7 40 335
7 45 441
7 47 325
7 49 348
7 54 45
7 55 56
7 58 271
7 59 161
7 60 474
7 61 239
7 62 134
7 67 495
7 69 57
7 70 184
7 71 488
7 72 361
7 75 94
7 76 255
7 77 106
7 78 380
7 79 139
7 80 370
7 83 239
7 84 380
7 85 380
7 87 436
7 91 62
7 93 233
7 95 67
7 96 355
7 98 14
7 99 280
7 100 228
8 9 384
8 11 272
8 12 270
8 15 315
8 17 276
8 21 461
8 27 36
8 28 26
8 30 306
8 33 426
8 37 268
8 42 301
8 47 458
8 52 486
8 54 221
8 57 444
8 58 74
8 65 482
8 69 63
8 71 21
8 72 159
8 73 492
8 75 43
8 77 177
8 79 398
8 85 389
8 86 378
8 87 438
8 89 78
8 90 272
8 94 253
8 95 333
8 96 365
8 97 65
8 99 241
8 100 25
9 10 202
9 11 89
9 12 367
9 14 179
9 15 188
9 16 302
9 20 246
9 23 466
9 25 247
9 29 347
9 30 319
9 31 392
9 32 421
9 33 44
9 35 280
9 36 110
9 39 345
9 41 256
9 42 7
9 43 234
9 47 386
9 53 358
9 54 35
9 56 28
9 57 80
9 59 469
9 61 496
9 62 412
9 66 295
9 67 196
9 71 37
9 72 278
9 73 434
9 75 432
9 76 124
9 79 272
9 80 359
9 84 264
9 85 61
9 87 223
9 88 214
9 91 27
9 93 12
9 94 422
9 98 91
9 100 140
10 13 322
10 14 286
10 24 138
10 25 169
10 26 373
10 27 31
10 29 316
10 34 91
10 36 191
10 38 54
10 39 226
10 41 350
10 42 349
10 43 459
10 44 156
10 46 324
10 50 11
10 54 87
10 56 455
10 57 382
10 58 481
10 59 476
10 60 266
10 61 283
10 63 409
10 68 323
10 69 95
10 73 275
10 74 363
10 76 318
10 82 423
10 84 206
10 85 58
10 86 393
10 87 66
10 88 499
10 89 10
10 90 170
10 91 189
10 93 81
10 95 38
10 99 326
11 12 27
11 13 45
11 14 50
11 17 247
11 18 461
11 20 248
11 21 303
11 22 361
11 23 430
11 24 59
11 25 478
11 27 134
11 28 37
11 30 445
11 31 115
11 33 124
11 34 451
11 37 271
11 38 222
11 39 434
11 40 263
11 41 255
11 42 454
11 43 347
11 45 88
11 47 197
11 54 306
11 55 214
11 58 499
11 60 498
11 61 337
11 63 361
11 65 94
11 68 72
11 69 392
11 70 238
11 71 463
11 72 464
11 74 431
11 75 336
11 78 20
11 80 20
11 81 4
11 83 428
11 86 342
11 88 384
11 89 330
11 90 393
11 94 173
11 96 9
11 97 111
11 98 284
11 99 340
12 13 359
12 15 196
12 22 385
12 23 7
12 26 63
12 27 89
12 28 21
12 29 485
12 31 48
12 33 392
12 34 229
12 35 117
12 36 413
12 39 268
12 40 279
12 41 301
12 42 422
12 43 239
12 45 105
12 49 17
12 51 442
12 55 457
12 56 120
12 58 370
12 59 375
12 63 472
12 64 256
12 66 272
12 67 421
12 69 132
12 70 107
12 73 91
12 76 74
12 77 408
12 79 182
12 80 102
12 85 328
12 86 186
12 88 385
12 89 303
12 90 219
12 91 442
12 92 169
12 97 290
12 100 368
13 17 152
13 18 451
13 19 157
13 21 183
13 22 442
13 24 439
13 25 313
13 27 123
13 28 148
13 29 487
13 31 437
13 32 362
13 34 402
13 36 453
13 37 112
13 39 269
13 40 91
13 41 452
13 44 472
13 48 37
13 50 160
13 53 338
13 55 18
13 56 302
13 57 30
13 60 183
13 63 479
13 64 457
13 65 359
13 71 55
13 74 437
13 75 434
13 81 493
13 85 369
13 86 177
13 88 64
13 89 234
13 90 199
13 94 260
13 95 411
13 99 108
13 100 324
14 15 331
14 17 118
14 18 324
14 19 482
14 21 129
14 22 356
14 24 419
14 26 341
14 35 32
14 37 355
14 42 345
14 43 38
14 44 334
14 46 20
14 48 275
14 50 498
14 51 34
14 53 337
14 54 139
14 57 354
14 58 85
14 64 479
14 65 348
14 66 346
14 67 306
14 68 420
14 70 196
14 71 431
14 72 422
14 76 209
14 78 484
14 80 81
14 85 263
14 91 423
14 92 207
14 94 138
14 95 86
14 99 348
15 16 111
15 17 2
15 18 46
15 19 266
15 20 70
15 22 475
15 23 85
15 24 280
15 25 250
15 26 435
15 31 151
15 33 86
15 34 440
15 36 412
15 38 295
15 39 376
15 40 478
15 43 448
15 45 419
15 46 265
15 48 477
15 49 307
15 51 62
15 54 311
15 55 32
15 58 296
15 60 413
15 64 238
15 65 282
15 68 133
15 70 374
15 75 246
15 77 7
15 85 419
15 86 411
15 87 328
15 88 404
15 92 16
15 95 463
15 96 411
15 97 309
15 98 159
15 99 199
15 100 455
16 17 463
16 18 265
16 24 230
16 25 223
16 26 449
16 28 257
16 29 360
16 30 227
16 32 313
16 34 405
16 35 474
16 36 415
16 37 10
16 38 135
16 43 367
16 47 482
16 48 447
16 49 348
16 50 298
16 51 393
16 52 386
16 55 389
16 56 61
16 57 468
16 59 426
16 60 268
16 64 190
16 65 119
16 66 91
16 67 111
16 68 232
16 69 283
16 70 33
16 71 108
16 72 254
16 74 92
16 76 304
16 77 145
16 78 413
16 80 429
16 81 198
16 83 474
16 84 321
16 86 209
16 97 357
16 99 345
17 18 258
17 19 411
17 20 214
17 24 354
17 27 393
17 28 58
17 32 52
17 33 164
17 35 298
17 36 152
17 38 499
17 39 141
17 40 366
17 44 156
17 47 327
17 49 384
17 50 104
17 57 423
17 59 67
17 62 327
17 64 459
17 68 229
17 69 186
17 71 246
17 72 174
17 76 244
17 77 415
17 79 210
17 84 213
17 86 367
17 90 29
17 94 48
17 96 43
17 99 286
18 22 64
18 23 175
18 25 166
18 26 77
18 27 190
18 28 72
18 29 180
18 30 168
18 31 269
18 35 244
18 36 384
18 41 127
18 43 79
18 46 39
18 47 276
18 49 125
18 52 127
18 56 10
18 59 315
18 60 478
18 61 198
18 62 195
18 64 274
18 65 79
18 66 51
18 69 343
18 70 16
18 72 142
18 78 120
18 79 131
18 81 464
18 83 162
18 85 332
18 87 344
18 89 395
18 90 465
18 92 439
18 94 253
18 95 357
18 96 424
18 97 219
18 98 337
18 100 79
19 20 32
19 21 164
19 22 128
19 23 456
19 27 218
19 28 373
19 29 255
19 31 286
19 36 14
19 45 499
19 48 144
19 49 306
19 51 400
19 54 332
19 57 211
19 58 97
19 61 217
19 62 84
19 64 225
19 65 255
19 66 405
19 70 318
19 71 425
19 72 328
19 75 460
19 76 51
19 77 214
19 80 120
19 82 480
19 83 99
19 84 238
19 86 493
19 88 140
19 89 471
19 90 315
19 91 465
19 93 55
19 94 127
19 99 324
19 100 447
20 21 442
20 22 479
20 26 219
20 28 358
20 30 398
20 31 61
20 32 346
20 33 472
20 34 431
20 35 23
20 39 16
20 41 235
20 42 189
20 45 212
20 50 137
20 51 410
20 53 34
20 57 464
20 60 369
20 62 47
20 64 156
20 65 404
20 67 116
20 68 121
20 73 182
20 74 435
20 76 357
20 78 99
20 79 84
20 81 169
20 83 240
20 84 349
20 86 278
20 87 142
20 88 9
20 91 307
20 96 112
21 23 346
21 25 430
21 26 452
21 27 23
21 29 234
21 32 298
21 34 205
21 36 289
21 37 1
21 38 61
21 39 348
21 41 437
21 42 228
21 43 404
21 44 138
21 45 279
21 51 103
21 52 28
21 53 211
21 54 468
21 59 334
21 62 82
21 65 381
21 67 347
21 68 154
21 71 80
21 73 441
21 74 18
21 77 276
21 78 68
21 79 110
21 80 37
21 84 36
21 86 345
21 87 280
21 90 246
21 91 164
21 92 90
21 94 308
21 95 242
21 99 63
21 100 167
22 27 375
22 29 463
22 30 103
22 37 187
22 38 298
22 40 299
22 42 253
22 44 357
22 45 46
22 48 423
22 49 247
22 51 399
22 53 362
22 56 59
22 57 447
22 59 363
22 60 102
22 62 354
22 63 106
22 64 383
22 65 185
22 66 195
22 68 441
22 69 3
22 71 340
22 72 286
22 78 439
22 79 236
22 80 232
22 88 450
22 89 468
22 90 303
22 91 364
22 92 5
22 93 119
22 94 461
22 96 453
22 97 468
22 98 66
22 99 27
23 26 286
23 28 242
23 30 51
23 31 160
23 32 52
23 33 301
23 34 477
23 39 321
23 45 135
23 46 183
23 47 5
23 48 16
23 49 352
23 51 481
23 52 284
23 55 226
23 56 168
23 57 284
23 60 449
23 61 425
23 62 217
23 63 293
23 65 24
23 68 350
23 69 141
23 71 199
23 72 45
23 76 313
23 81 28
23 82 191
23 85 313
23 88 287
23 90 310
23 91 59
23 93 492
23 100 440
24 26 31
24 27 55
24 30 326
24 34 48
24 36 335
24 37 446
24 39 282
24 40 277
24 43 488
24 46 48
24 49 293
24 50 176
24 51 220
24 52 140
24 57 241
24 58 330
24 59 264
24 60 273
24 63 182
24 64 154
24 68 475
24 71 364
24 73 480
24 76 16
24 77 146
24 79 475
24 80 146
24 82 469
24 83 203
24 84 242
24 87 423
24 89 112
24 90 445
24 91 67
24 92 456
24 95 423
24 97 457
24 98 5
24 99 356
25 26 103
25 29 443
25 30 129
25 32 379
25 33 20
25 35 298
25 37 364
25 39 272
25 40 401
25 41 92
25 43 302
25 45 436
25 46 423
25 50 422
25 52 91
25 53 132
25 54 389
25 57 71
25 58 465
25 60 366
25 66 290
25 67 341
25 74 59
25 75 298
25 77 187
25 78 63
25 79 246
25 84 237
25 88 161
25 89 460
25 94 59
25 95 140
25 96 281
25 100 315
26 28 61
26 29 139
26 31 162
26 35 266
26 37 226
26 38 398
26 39 406
26 40 36
26 41 239
26 42 137
26 43 70
26 44 78
26 49 32
26 50 147
26 51 143
26 53 397
26 54 203
26 64 362
26 65 236
26 66 390
26 67 393
26 69 344
26 70 315
26 71 392
26 72 242
26 79 37
26 80 82
26 83 389
26 84 493
26 85 139
26 88 296
26 89 441
26 90 101
26 92 492
26 94 133
26 97 326
26 98 350
26 99 457
26 100 54
27 29 220
27 30 202
27 34 121
27 36 339
27 38 373
27 39 375
27 41 424
27 43 414
27 44 394
27 46 245
27 47 137
27 49 217
27 51 74
27 58 72
27 59 16
27 63 159
27 65 350
27 67 368
27 68 131
27 70 362
27 72 302
27 74 220
27 76 242
27 77 182
27 79 320
27 83 222
27 87 154
27 88 485
27 91 453
27 92 246
27 93 395
27 95 115
27 96 166
27 97 486
27 100 445
28 29 448
28 30 495
28 33 384
28 38 437
28 41 404
28 43 149
28 44 318
28 45 287
28 46 187
28 47 138
28 54 178
28 58 330
28 59 499
28 61 243
28 62 421
28 66 419
28 68 342
28 69 104
28 71 241
28 72 364
28 73 490
28 74 333
28 75 348
28 76 356
28 81 404
28 82 240
28 83 459
28 84 264
28 86 460
28 88 80
28 90 385
28 94 163
28 95 397
28 97 31
28 98 252
29 30 129
29 36 326
29 37 400
29 38 449
29 42 301
29 43 124
29 44 382
29 46 171
29 47 2
29 49 4
29 50 133
29 52 151
29 53 448
29 54 250
29 55 465
29 57 415
29 60 50
29 62 450
29 64 165
29 69 398
29 70 347
29 74 145
29 75 447
29 76 442
29 77 216
29 83 32
29 85 358
29 86 77
29 88 167
29 89 40
29 91 43
29 94 237
29 96 159
29 98 30
29 99 164
30 31 66
30 32 463
30 34 479
30 37 238
30 38 40
30 39 406
30 42 84
30 43 100
30 45 114
30 46 202
30 47 459
30 49 361
30 52 120
30 54 493
30 60 8
30 63 386
30 66 456
30 68 250
30 69 468
30 70 150
30 73 66
30 74 314
30 76 245
30 77 342
30 80 360
30 82 145
30 83 492
30 84 136
30 85 312
30 87 339
30 89 291
30 91 189
30 95 14
30 97 324
30 98 451
30 99 452
30 100 16
31 32 234
31 34 256
31 36 68
31 37 221
31 41 223
31 48 72
31 55 336
31 56 438
31 57 133
31 58 279
31 59 39
31 62 431
31 64 154
31 65 139
31 69 490
31 71 325
31 72 41
31 73 161
31 76 460
31 78 209
31 80 25
31 81 218
31 91 479
31 92 205
31 95 223
31 97 245
31 98 133
31 99 72
31 100 192
32 33 25
32 34 93
32 37 331
32 38 263
32 40 38
32 41 11
32 42 268
32 43 199
32 44 225
32 45 420
32 46 102
32 50 427
32 51 33
32 52 469
32 54 339
32 55 76
32 56 184
32 57 230
32 58 413
32 59 35
32 60 63
32 65 238
32 66 367
32 70 302
32 71 227
32 75 294
32 77 415
32 79 230
32 80 326
32 81 406
32 84 440
32 85 63
32 86 233
32 87 284
32 90 50
32 92 32
32 95 211
32 96 349
33 36 350
33 37 453
33 38 440
33 40 481
33 42 265
33 43 271
33 46 108
33 47 287
33 48 360
33 49 290
33 53 91
33 55 200
33 57 153
33 61 81
33 62 42
33 63 297
33 64 270
33 65 6
33 67 292
33 71 83
33 72 489
33 75 486
33 76 248
33 77 21
33 82 415
33 84 490
33 87 64
33 88 449
33 89 448
33 90 36
33 91 200
33 92 128
33 93 419
33 94 392
33 95 495
33 96 28
33 97 336
33 98 165
33 99 240
34 39 50
34 41 257
34 42 184
34 44 383
34 47 419
34 49 421
34 51 226
34 53 96
34 55 335
34 56 285
34 58 77
34 59 140
34 61 174
34 64 315
34 65 465
34 66 364
34 67 78
34 68 360
34 70 87
34 71 50
34 76 149
34 78 226
34 81 280
34 86 302
34 88 166
34 91 423
34 92 260
34 96 6
34 99 322
34 100 395
35 42 455
35 43 80
35 46 200
35 48 117
35 49 23
35 53 182
35 54 137
35 55 355
35 56 153
35 59 164
35 63 485
35 66 472
35 67 363
35 68 328
35 69 288
35 71 89
35 72 452
35 73 63
35 74 427
35 75 410
35 77 340
35 78 330
35 79 474
35 81 388
35 82 466
35 83 78
35 84 498
35 85 84
35 88 327
35 89 201
35 90 190
35 91 409
35 92 430
35 93 282
35 94 331
35 96 241
35 97 216
35 99 46
35 100 110
36 37 188
36 39 265
36 43 244
36 44 385
36 48 278
36 51 104
36 52 251
36 56 268
36 57 184
36 58 191
36 59 126
36 60 8
36 62 358
36 63 162
36 65 498
36 69 456
36 72 171
36 76 222
36 78 489
36 80 40
36 82 146
36 87 421
36 92 14
36 93 122
36 94 260
36 95 27
36 96 109
37 38 480
37 40 229
37 42 126
37 43 214
37 44 352
37 45 410
37 48 356
37 50 477
37 54 241
37 57 258
37 60 185
37 62 243
37 66 52
37 67 307
37 68 374
37 74 426
37 75 346
37 76 458
37 77 477
37 82 397
37 83 266
37 87 243
37 89 50
37 91 44
37 92 332
37 94 462
37 95 291
37 96 136
37 97 174
38 41 189
38 43 386
38 44 163
38 46 23
38 47 181
38 48 409
38 49 51
38 50 475
38 51 481
38 52 376
38 53 354
38 54 66
38 56 456
38 60 57
38 61 386
38 62 100
38 64 154
38 74 105
38 76 458
38 79 162
38 83 194
38 84 309
38 85 153
38 86 354
38 87 340
38 90 123
38 91 200
38 93 21
38 94 291
38 95 378
38 97 492
38 100 410
39 40 158
39 41 56
39 47 216
39 48 143
39 49 474
39 50 369
39 51 252
39 52 347
39 53 44
39 57 210
39 58 59
39 62 393
39 63 462
39 66 367
39 68 288
39 73 382
39 75 202
39 76 25
39 77 252
39 78 257
39 79 356
39 80 115
39 81 156
39 85 201
39 87 308
39 92 62
39 95 317
39 96 117
39 98 369
39 100 146
40 41 45
40 43 477
40 44 209
40 46 410
40 47 15
40 48 9
40 53 425
40 54 125
40 56 241
40 57 162
40 58 278
40 60 51
40 63 352
40 67 185
40 68 69
40 69 113
40 71 1
40 77 295
40 78 361
40 82 376
40 83 45
40 84 233
40 85 227
40 86 377
40 94 223
40 96 198
40 97 240
40 98 77
41 43 254
41 44 13
41 50 489
41 52 129
41 53 29
41 54 341
41 55 270
41 56 53
41 57 40
41 59 186
41 60 487
41 64 45
41 65 111
41 69 1
41 70 303
41 71 193
41 74 201
41 75 381
41 77 223
41 78 4
41 79 258
41 80 343
41 82 300
41 83 406
41 84 160
41 85 476
41 86 174
41 88 471
41 90 258
41 91 282
41 93 258
41 96 447
41 97 67
41 98 337
42 44 107
42 46 266
42 49 481
42 50 241
42 51 302
42 52 248
42 53 488
42 54 417
42 56 452
42 57 62
42 62 197
42 63 157
42 65 41
42 66 406
42 69 53
42 71 354
42 72 6
42 74 490
42 78 357
42 80 197
42 81 125
42 82 158
42 83 252
42 84 70
42 89 194
42 91 24
42 92 22
42 96 486
42 97 330
42 100 166
43 44 55
43 45 470
43 47 499
43 51 437
43 52 250
43 55 432
43 58 497
43 59 233
43 60 423
43 61 307
43 63 250
43 64 362
43 67 297
43 68 170
43 71 339
43 72 140
43 73 321
43 74 294
43 76 372
43 77 46
43 78 102
43 80 302
43 83 427
43 85 68
43 86 301
43 88 103
43 89 9
43 93 97
43 97 139
44 46 87
44 49 246
44 50 301
44 52 7
44 53 301
44 54 205
44 57 481
44 62 311
44 63 315
44 65 118
44 66 487
44 68 46
44 69 131
44 72 485
44 73 15
44 75 497
44 76 130
44 78 42
44 80 263
44 82 433
44 83 428
44 84 388
44 85 8
44 87 330
44 90 115
44 91 497
44 93 61
44 94 92
44 95 114
44 97 432
44 98 355
45 49 202
45 51 209
45 52 469
45 53 324
45 54 328
45 56 103
45 57 24
45 59 116
45 61 320
45 62 146
45 64 118
45 65 152
45 68 3
45 69 175
45 70 313
45 73 326
45 78 56
45 79 237
45 81 451
45 82 152
45 83 56
45 84 215
45 86 292
45 87 368
45 89 43
45 90 476
45 94 330
45 100 448
46 47 81
46 48 372
46 49 274
46 50 493
46 51 140
46 52 58
46 53 275
46 54 365
46 56 119
46 57 387
46 61 227
46 67 325
46 71 340
46 73 479
46 74 295
46 75 65
46 81 56
46 82 402
46 86 274
46 91 383
46 92 345
46 96 118
47 48 400
47 55 138
47 56 324
47 59 489
47 60 275
47 64 410
47 68 313
47 69 127
47 70 419
47 74 98
47 75 270
47 76 400
47 77 117
47 78 134
47 81 193
47 88 121
47 91 204
47 96 457
47 97 79
47 98 244
47 100 144
48 50 347
48 51 304
48 52 64
48 56 105
48 58 273
48 59 451
48 63 182
48 66 37
48 68 385
48 69 50
48 70 10
48 71 188
48 72 468
48 73 268
48 76 4
48 78 392
48 79 448
48 80 211
48 83 310
48 84 319
48 85 109
48 86 431
48 89 30
48 91 192
48 94 139
49 51 489
49 52 423
49 53 109
49 56 129
49 57 279
49 59 487
49 60 106
49 64 274
49 66 471
49 67 230
49 68 319
49 72 185
49 73 4
49 75 204
49 76 218
49 77 107
49 79 466
49 81 256
49 82 327
49 86 178
49 88 336
49 90 432
49 91 234
49 92 273
49 94 276
49 96 479
49 98 470
49 99 184
49 100 197
50 51 130
50 53 234
50 54 409
50 55 87
50 56 438
50 57 201
50 60 202
50 61 377
50 62 249
50 63 29
50 65 286
50 66 393
50 68 78
50 69 389
50 71 400
50 73 340
50 75 279
50 79 487
50 80 451
50 82 477
50 85 84
50 87 255
50 88 74
50 89 131
50 90 404
50 92 1
50 98 200
50 99 271
51 52 499
51 53 248
51 55 429
51 57 127
51 58 110
51 60 466
51 62 98
51 68 482
51 69 199
51 74 85
51 75 343
51 76 373
51 79 340
51 81 332
51 82 218
51 83 12
51 84 10
51 87 494
51 88 104
51 89 79
51 90 47
51 91 378
51 92 207
51 94 332
51 96 482
51 97 187
51 98 161
51 100 378
52 58 7
52 60 388
52 61 485
52 64 348
52 65 67
52 67 176
52 68 107
52 70 293
52 72 90
52 75 178
52 76 480
52 78 486
52 80 152
52 82 122
52 83 275
52 84 447
52 86 291
52 87 149
52 88 60
52 89 179
52 90 48
52 91 250
52 92 457
52 94 135
52 96 7
52 98 343
52 99 257
53 54 379
53 56 126
53 57 361
53 58 357
53 59 495
53 60 57
53 68 18
53 69 238
53 70 54
53 71 304
53 72 364
53 73 416
53 75 73
53 77 198
53 79 472
53 80 388
53 84 473
53 85 97
53 86 198
53 87 93
53 90 235
53 93 404
53 94 456
53 99 444
54 55 241
54 56 369
54 60 207
54 62 81
54 64 472
54 67 53
54 71 144
54 73 455
54 74 242
54 75 468
54 80 199
54 81 467
54 84 264
54 86 14
54 87 252
54 88 251
54 90 399
54 91 300
54 93 43
54 96 200
54 98 217
54 99 475
54 100 149
55 56 449
55 57 135
55 59 176
55 60 201
55 61 441
55 65 140
55 70 349
55 71 263
55 73 257
55 84 420
55 87 101
55 88 468
55 90 153
55 93 120
55 94 17
55 95 307
55 96 417
55 98 55
55 99 188
55 100 186
56 57 233
56 62 292
56 63 334
56 66 190
56 67 408
56 69 261
56 71 345
56 72 142
56 73 141
56 74 297
56 78 179
56 79 333
56 86 230
56 87 60
56 88 185
56 90 32
56 92 394
56 97 41
57 58 407
57 61 72
57 62 144
57 66 426
57 67 241
57 69 456
57 72 313
57 74 214
57 75 437
57 79 429
57 87 477
57 92 169
57 94 496
57 95 210
57 97 300
57 98 165
57 100 102
58 64 305
58 65 79
58 66 190
58 70 92
58 71 491
58 73 265
58 76 341
58 77 159
58 78 493
58 79 108
58 81 71
58 82 386
58 85 159
58 86 275
58 87 386
58 93 480
58 94 394
58 95 465
58 96 280
58 97 84
58 99 354
58 100 196
59 61 45
59 62 198
59 66 126
59 68 12
59 69 493
59 72 469
59 73 433
59 74 480
59 75 240
59 78 196
59 80 199
59 82 405
59 85 496
59 87 55
59 89 108
59 91 227
59 93 325
59 94 259
59 96 498
59 97 463
59 98 398
59 100 374
60 62 57
60 63 443
60 64 170
60 65 255
60 66 345
60 67 332
60 69 82
60 70 59
60 71 247
60 74 22
60 76 224
60 79 363
60 81 46
60 82 109
60 83 207
60 84 388
60 85 95
60 87 438
60 88 68
60 93 364
60 94 295
60 95 172
60 100 125
61 62 201
61 64 197
61 65 196
61 67 68
61 68 410
61 69 252
61 78 437
61 80 231
61 84 393
61 85 271
61 87 143
61 90 67
61 92 350
61 94 271
61 95 447
61 96 152
61 97 497
61 98 280
61 100 288
62 63 179
62 64 286
62 66 334
62 69 153
62 70 5
62 71 90
62 73 295
62 76 416
62 77 17
62 78 470
62 79 38
62 80 132
62 82 88
62 83 81
62 84 148
62 88 243
62 89 450
62 90 83
62 92 377
62 93 226
62 94 481
62 96 454
62 100 351
63 67 131
63 69 67
63 71 434
63 73 177
63 75 194
63 77 58
63 78 202
63 80 258
63 83 473
63 87 431
63 89 494
63 90 284
63 92 218
63 93 197
63 96 365
63 97 150
63 99 130
63 100 44
64 65 64
64 66 14
64 71 422
64 72 190
64 74 251
64 75 21
64 76 174
64 77 417
64 78 179
64 81 214
64 84 361
64 85 38
64 86 116
64 87 39
64 89 30
64 90 350
64 91 417
64 92 39
64 93 422
64 95 322
64 97 495
64 98 10
64 99 124
64 100 497
65 66 383
65 69 30
65 72 59
65 73 341
65 74 347
65 75 316
65 79 132
65 83 332
65 85 233
65 86 169
65 88 161
65 89 174
65 93 257
65 96 51
65 98 19
66 70 470
66 72 81
66 73 445
66 74 316
66 76 182
66 79 268
66 80 420
66 86 136
66 87 56
66 91 176
66 94 295
66 95 334
66 96 237
66 98 418
66 99 326
67 68 152
67 69 46
67 72 493
67 73 210
67 74 8
67 75 115
67 78 187
67 79 456
67 80 240
67 84 51
67 85 488
67 89 66
67 90 492
67 92 264
67 95 39
67 96 30
67 97 245
67 98 476
67 100 235
68 69 398
68 70 280
68 71 369
68 72 144
68 75 384
68 77 155
68 79 418
68 80 25
68 82 288
68 83 197
68 85 450
68 86 123
68 88 298
68 90 453
68 92 98
68 93 379
68 95 360
68 96 212
68 97 152
68 98 67
68 99 295
68 100 19
69 73 177
69 74 128
69 76 425
69 78 156
69 79 132
69 80 189
69 81 313
69 84 13
69 86 197
69 90 267
69 97 485
69 99 129
69 100 472
70 71 30
70 72 110
70 73 316
70 74 244
70 75 422
70 76 199
70 77 113
70 79 332
70 83 80
70 84 162
70 85 163
70 86 11
70 88 260
70 89 319
70 94 436
70 96 81
70 97 52
71 73 32
71 74 208
71 75 480
71 77 143
71 78 369
71 79 327
71 81 146
71 85 311
71 86 286
71 87 354
71 88 73
71 91 127
71 92 320
71 94 208
71 95 237
71 96 329
71 97 435
71 98 102
71 100 26
72 73 321
72 80 344
72 81 93
72 82 291
72 83 431
72 84 426
72 86 390
72 88 219
72 90 315
72 92 334
72 94 155
72 95 262
72 96 213
72 97 217
72 98 482
72 99 74
72 100 11
73 75 177
73 76 262
73 79 489
73 82 198
73 84 221
73 85 309
73 86 360
73 87 87
73 88 306
73 89 261
73 91 21
73 93 330
73 94 257
73 97 388
73 98 417
73 100 78
74 75 164
74 80 157
74 86 486
74 87 115
74 88 337
74 90 371
74 91 131
74 93 219
74 96 175
74 97 183
74 100 90
75 79 248
75 80 286
75 81 420
75 82 234
75 83 51
75 85 421
75 89 255
75 90 297
75 94 378
75 96 467
75 97 404
76 80 126
76 81 51
76 85 155
76 86 253
76 90 20
76 92 253
76 96 250
76 97 440
76 98 133
77 80 241
77 84 296
77 85 212
77 88 278
77 91 215
77 94 29
77 96 232
77 98 364
77 99 57
77 100 107
78 79 64
78 80 446
78 83 121
78 84 68
78 85 259
78 86 216
78 88 209
78 90 295
78 94 307
78 95 260
78 96 422
78 97 179
78 98 84
78 99 308
78 100 149
79 82 304
79 84 198
79 86 191
79 89 195
79 91 22
79 92 104
79 93 145
79 100 55
80 82 16
80 83 479
80 84 437
80 86 97
80 88 48
80 89 439
80 92 42
80 93 293
80 97 313
80 99 296
81 83 396
81 84 102
81 85 370
81 89 51
81 96 299
81 98 198
81 99 254
82 83 454
82 85 317
82 87 214
82 92 289
82 93 492
82 94 238
82 95 265
82 98 325
83 85 184
83 86 360
83 87 47
83 89 363
83 90 75
83 95 196
83 96 237
83 97 181
83 98 417
83 99 418
84 87 14
84 88 44
84 90 228
84 91 205
84 100 370
85 86 401
85 88 138
85 90 407
85 91 390
85 92 5
85 96 216
85 99 123
86 87 167
86 88 463
86 89 228
86 90 100
86 92 469
86 97 121
86 99 125
86 100 147
87 88 210
87 89 472
87 96 498
87 98 4
88 89 14
88 90 394
88 91 19
88 94 112
88 95 222
88 96 252
88 97 326
88 98 345
88 99 204
89 92 479
89 94 256
89 95 252
89 96 472
89 100 493
90 93 14
90 94 40
90 97 393
90 99 125
91 92 328
91 93 75
91 94 60
91 96 55
91 97 308
91 98 329
91 99 346
92 93 375
92 98 62
92 100 476
93 96 206
93 97 90
93 100 499
94 95 286
94 97 95
94 99 152
94 100 231
95 97 153
95 100 332
96 97 113
96 99 496
96 100 127
97 99 217
97 100 247
98 99 403
98 100 214
99 100 155
