100 2528
1 5 389
1 7 486
1 9 112
1 11 379
1 14 389
1 17 244
1 18 426
1 21 170
1 22 168
1 23 221
1 24 138
1 25 302
1 29 210
1 30 195
1 33 478
1 34 315
1 35 196
1 36 303
1 37 397
1 44 193
1 45 194
1 46 117
1 54 51
1 60 164
1 62 61
1 63 397
1 64 243
1 66 299
1 68 270
1 70 27
1 71 102
1 74 273
1 75 73
1 76 114
1 80 63
1 81 366
1 82 481
1 83 355
1 85 149
1 89 335
1 93 204
1 95 477
1 97 406
1 98 453
1 99 259
1 100 146
2 3 217
2 4 14
2 7 32
2 8 389
2 9 92
2 10 360
2 13 90
2 15 294
2 16 28
2 17 493
2 28 70
2 29 238
2 30 204
2 31 452
2 32 202
2 33 88
2 34 258
2 35 466
2 36 176
2 38 169
2 39 331
2 42 458
2 43 105
2 46 361
2 47 125
2 51 445
2 53 34
2 59 60
2 62 135
2 63 334
2 65 141
2 69 336
2 71 352
2 72 95
2 73 195
2 75 196
2 76 214
2 77 318
2 78 28
2 80 365
2 81 360
2 82 467
2 83 240
2 84 68
2 85 174
2 88 435
2 89 5
2 91 376
2 92 373
2 93 203
2 95 416
2 100 474
3 6 488
3 7 171
3 9 344
3 12 476
3 19 387
3 23 239
3 24 27
3 27 81
3 30 210
3 31 105
3 32 429
3 33 280
3 37 174
3 38 320
3 39 33
3 40 25
3 46 47
3 48 127
3 49 207
3 50 325
3 51 232
3 52 287
3 56 351
3 57 87
3 68 482
3 69 220
3 70 227
3 73 27
3 75 384
3 76 427
3 80 463
3 81 462
3 82 291
3 83 287
3 85 82
3 86 221
3 88 379
3 89 117
3 92 448
3 93 386
3 98 262
3 99 209
3 100 382
4 5 20
4 7 85
4 8 157
4 9 130
4 15 141
4 17 89
4 20 256
4 26 268
4 27 418
4 28 471
4 29 150
4 30 120
4 31 179
4 32 145
4 33 86
4 35 4
4 36 170
4 37 471
4 38 349
4 42 263
4 44 309
4 46 374
4 49 53
4 50 116
4 51 284
4 52 127
4 53 62
4 56 305
4 57 82
4 59 308
4 60 18
4 61 62
4 63 148
4 64 179
4 67 322
4 68 25
4 70 308
4 71 304
4 72 314
4 73 329
4 74 244
4 75 229
4 77 314
4 79 386
4 80 40
4 83 370
4 84 270
4 85 171
4 86 463
4 88 271
4 90 319
4 99 147
5 8 360
5 9 174
5 10 497
5 12 125
5 14 295
5 16 458
5 21 104
5 22 431
5 23 87
5 24 140
5 34 369
5 35 345
5 37 418
5 38 463
5 39 487
5 40 29
5 42 132
5 45 407
5 48 487
5 49 471
5 50 394
5 51 176
5 61 333
5 63 139
5 64 70
5 65 45
5 69 244
5 72 395
5 74 90
5 75 256
5 76 138
5 77 267
5 78 17
5 80 319
5 81 230
5 84 471
5 85 26
5 86 207
5 87 456
5 91 318
5 98 126
5 99 242
6 8 393
6 10 226
6 11 310
6 12 376
6 14 83
6 15 450
6 18 431
6 22 100
6 23 42
6 25 8
6 26 155
6 27 387
6 28 453
6 29 52
6 30 329
6 32 165
6 35 193
6 36 6
6 37 185
6 38 242
6 39 28
6 40 6
6 42 268
6 43 356
6 44 32
6 45 248
6 46 40
6 48 368
6 49 251
6 50 68
6 51 378
6 53 161
6 58 346
6 63 300
6 64 147
6 66 331
6 67 455
6 69 494
6 71 202
6 72 418
6 73 171
6 74 162
6 77 487
6 78 86
6 81 412
6 82 410
6 84 481
6 85 382
6 87 405
6 88 482
6 90 276
6 93 333
6 96 196
6 98 23
6 99 127
7 9 195
7 16 271
7 17 319
7 20 84
7 21 377
7 22 204
7 27 46
7 28 309
7 30 175
7 34 261
7 35 95
7 37 365
7 41 12
7 46 345
7 47 82
7 48 295
7 49 93
7 52 76
7 54 424
7 55 340
7 56 438
7 57 57
7 58 88
7 59 399
7 60 150
7 61 397
7 65 14
7 66 341
7 68 413
7 69 20
7 70 353
7 71 405
7 76 407
7 78 494
7 79 5
7 80 198
7 82 381
7 83 119
7 85 82
7 91 231
7 94 323
7 95 136
7 96 358
7 98 266
7 99 135
8 9 438
8 10 416
8 11 24
8 12 251
8 16 40
8 17 235
8 18 213
8 19 497
8 20 82
8 21 97
8 22 270
8 23 331
8 24 221
8 27 411
8 30 327
8 31 357
8 35 332
8 37 398
8 39 222
8 40 375
8 42 10
8 44 58
8 45 66
8 49 413
8 50 314
8 51 13
8 52 127
8 56 445
8 58 255
8 63 476
8 64 22
8 67 55
8 72 399
8 74 412
8 79 265
8 80 421
8 84 19
8 85 346
8 90 226
8 93 308
8 95 208
8 96 153
8 97 238
9 10 276
9 12 256
9 15 494
9 16 17
9 19 195
9 26 113
9 28 44
9 30 188
9 31 391
9 32 417
9 38 60
9 43 429
9 45 60
9 48 282
9 50 173
9 51 212
9 52 292
9 55 481
9 58 87
9 59 356
9 61 414
9 62 348
9 63 341
9 64 204
9 65 24
9 66 219
9 67 24
9 69 116
9 70 249
9 74 127
9 75 174
9 76 14
9 77 52
9 78 100
9 79 294
9 81 412
9 82 121
9 84 91
9 86 88
9 94 131
9 95 207
9 98 231
9 99 339
9 100 114
10 11 304
10 14 98
10 15 418
10 16 120
10 18 221
10 19 233
10 22 405
10 23 404
10 25 439
10 26 224
10 28 63
10 30 278
10 32 218
10 35 17
10 39 216
10 44 199
10 51 305
10 53 313
10 58 444
10 59 331
10 61 326
10 62 192
10 63 225
10 66 448
10 69 484
10 74 321
10 76 385
10 77 22
10 80 291
10 81 131
10 84 411
10 86 230
10 92 299
10 95 27
10 96 489
10 99 287
11 13 206
11 14 329
11 15 77
11 16 469
11 18 411
11 19 455
11 20 337
11 21 388
11 22 25
11 23 403
11 27 104
11 28 285
11 31 254
11 32 468
11 33 290
11 35 144
11 38 327
11 41 216
11 42 64
11 43 9
11 44 71
11 46 285
11 48 389
11 51 136
11 53 133
11 59 107
11 60 74
11 61 59
11 64 171
11 66 19
11 68 303
11 69 280
11 70 265
11 71 27
11 72 232
11 78 178
11 80 176
11 82 234
11 88 463
11 89 495
11 90 153
11 92 275
11 93 29
11 94 262
11 95 30
11 96 17
11 99 130
12 13 52
12 14 295
12 15 79
12 16 282
12 28 177
12 29 292
12 31 87
12 32 108
12 33 259
12 35 310
12 37 350
12 39 132
12 40 116
12 41 20
12 44 336
12 45 224
12 47 178
12 51 397
12 52 112
12 54 387
12 55 138
12 57 487
12 58 413
12 60 29
12 63 466
12 65 122
12 67 362
12 69 340
12 74 446
12 76 273
12 78 410
12 79 210
12 80 267
12 81 16
12 82 429
12 83 410
12 85 225
12 87 42
12 92 469
12 93 241
12 95 134
12 96 486
13 18 201
13 20 5
13 21 174
13 22 441
13 24 261
13 25 432
13 28 44
13 29 67
13 30 270
13 31 478
13 35 469
13 39 197
13 40 253
13 41 129
13 43 420
13 44 392
13 48 242
13 49 390
13 50 23
13 51 8
13 55 271
13 58 370
13 60 325
13 62 231
13 63 180
13 65 349
13 66 212
13 68 231
13 71 403
13 72 488
13 74 182
13 75 72
13 77 92
13 78 322
13 81 470
13 85 26
13 86 344
13 88 193
13 90 9
13 92 389
13 93 208
13 95 32
13 96 177
13 97 342
13 99 27
13 100 162
14 16 456
14 17 428
14 18 270
14 22 237
14 24 433
14 28 257
14 31 396
14 34 79
14 35 458
14 39 355
14 41 283
14 44 103
14 45 296
14 46 473
14 47 287
14 49 321
14 50 227
14 52 463
14 53 379
14 57 187
14 58 83
14 61 324
14 62 400
14 63 136
14 66 414
14 67 388
14 68 349
14 70 354
14 73 7
14 74 414
14 75 422
14 77 435
14 81 208
14 82 11
14 84 229
14 87 256
14 89 382
14 90 447
14 92 441
14 95 308
15 16 264
15 17 414
15 18 59
15 20 70
15 21 313
15 24 495
15 25 453
15 27 231
15 33 411
15 37 389
15 38 168
15 42 188
15 44 1
15 45 320
15 46 144
15 47 170
15 48 476
15 51 211
15 52 151
15 53 480
15 54 187
15 55 57
15 56 173
15 60 180
15 61 416
15 64 146
15 65 367
15 67 313
15 68 85
15 69 408
15 70 312
15 76 461
15 80 144
15 81 122
15 82 428
15 84 273
15 86 191
15 87 170
15 89 32
15 92 56
15 95 489
15 96 97
16 17 442
16 21 1
16 22 208
16 23 46
16 25 215
16 26 380
16 27 398
16 28 310
16 29 354
16 30 161
16 31 334
16 34 278
16 35 431
16 38 140
16 42 180
16 45 420
16 49 60
16 50 338
16 51 376
16 56 73
16 57 390
16 58 431
16 60 152
16 63 404
16 64 171
16 67 311
16 68 457
16 69 49
16 70 34
16 71 257
16 75 252
16 77 142
16 78 185
16 79 175
16 80 270
16 82 451
16 84 36
16 85 135
16 86 432
16 87 98
16 89 131
16 91 355
16 92 80
16 93 115
16 95 35
16 97 53
16 99 101
16 100 255
17 18 359
17 19 364
17 22 173
17 27 323
17 29 464
17 31 79
17 33 390
17 34 491
17 36 47
17 37 69
17 38 150
17 39 204
17 40 169
17 41 58
17 45 305
17 47 469
17 52 14
17 55 263
17 56 490
17 57 457
17 58 105
17 63 399
17 64 387
17 68 435
17 71 363
17 72 478
17 77 89
17 78 468
17 80 56
17 81 112
17 82 68
17 83 90
17 84 143
17 85 200
17 86 66
17 88 182
17 89 272
17 90 189
17 92 401
17 96 383
17 97 345
17 98 186
18 20 202
18 22 344
18 26 168
18 28 142
18 30 108
18 32 286
18 33 425
18 35 86
18 39 436
18 44 424
18 45 468
18 49 43
18 51 148
18 55 497
18 57 168
18 60 86
18 62 22
18 63 69
18 69 48
18 70 93
18 73 335
18 74 17
18 75 26
18 76 322
18 78 267
18 79 423
18 80 372
18 83 412
18 85 259
18 86 160
18 89 225
18 90 303
18 93 4
18 94 153
18 95 96
18 97 399
18 100 48
19 22 297
19 23 43
19 26 174
19 31 94
19 35 235
19 36 239
19 37 263
19 40 11
19 41 21
19 42 369
19 43 456
19 44 147
19 49 369
19 55 320
19 58 161
19 59 242
19 60 440
19 61 284
19 62 34
19 65 63
19 66 171
19 68 69
19 69 119
19 70 299
19 71 468
19 72 258
19 73 431
19 74 21
19 75 247
19 76 388
19 84 346
19 85 55
19 87 394
19 89 61
19 93 394
19 94 413
19 97 337
19 98 9
19 100 492
20 21 100
20 24 288
20 26 120
20 27 142
20 28 228
20 31 226
20 32 117
20 33 397
20 34 49
20 36 386
20 37 438
20 38 16
20 39 83
20 44 138
20 46 354
20 47 126
20 52 200
20 54 98
20 55 371
20 56 260
20 58 423
20 63 253
20 64 114
20 65 400
20 66 355
20 68 209
20 73 255
20 75 281
20 77 114
20 80 153
20 82 323
20 83 39
20 84 214
20 87 37
20 88 34
20 89 134
20 92 61
20 98 9
20 99 116
21 22 466
21 24 202
21 26 230
21 28 221
21 31 470
21 34 34
21 35 162
21 37 197
21 38 417
21 39 372
21 40 262
21 41 450
21 43 400
21 46 491
21 50 330
21 52 230
21 53 105
21 56 330
21 61 282
21 63 338
21 68 143
21 69 345
21 72 135
21 75 280
21 76 339
21 77 416
21 79 406
21 81 400
21 82 322
21 84 53
21 88 464
21 90 385
21 93 177
21 94 81
21 97 230
22 23 368
22 24 389
22 26 211
22 27 435
22 30 52
22 35 431
22 37 108
22 39 335
22 40 469
22 42 178
22 43 488
22 44 424
22 48 308
22 49 407
22 54 434
22 55 385
22 58 251
22 59 282
22 60 282
22 68 47
22 69 314
22 71 43
22 72 433
22 77 3
22 79 488
22 80 215
22 83 159
22 84 60
22 87 231
22 88 285
22 89 265
22 97 200
22 98 164
22 99 104
22 100 414
23 26 60
23 27 443
23 31 85
23 33 93
23 37 398
23 38 396
23 39 340
23 42 242
23 45 153
23 46 145
23 47 173
23 51 44
23 52 3
23 53 145
23 55 237
23 56 499
23 57 104
23 58 107
23 60 225
23 61 278
23 62 96
23 65 154
23 68 327
23 70 148
23 72 441
23 73 38
23 74 209
23 75 471
23 80 415
23 82 471
23 85 230
23 87 427
23 89 254
23 90 15
23 92 215
23 96 348
23 97 498
23 99 146
23 100 487
24 26 403
24 28 374
24 29 419
24 30 142
24 31 266
24 33 193
24 34 96
24 35 17
24 36 403
24 41 171
24 42 386
24 44 325
24 46 138
24 47 100
24 48 54
24 51 400
24 52 5
24 54 100
24 56 264
24 57 385
24 62 131
24 64 397
24 65 36
24 66 133
24 69 46
24 74 289
24 75 397
24 79 106
24 83 175
24 84 27
24 85 76
24 87 388
24 89 380
24 91 425
24 92 245
24 93 421
24 94 276
24 95 282
24 96 152
24 100 319
25 33 453
25 34 63
25 35 154
25 42 167
25 43 290
25 46 234
25 47 254
25 49 26
25 50 80
25 52 194
25 53 203
25 55 43
25 56 426
25 60 444
25 61 102
25 65 415
25 68 143
25 70 168
25 72 5
25 74 4
25 75 464
25 76 48
25 78 468
25 79 41
25 80 29
25 81 36
25 85 488
25 86 155
25 89 160
25 91 228
25 92 447
25 93 329
25 94 21
25 96 297
25 97 155
25 98 108
25 99 405
25 100 318
26 27 268
26 28 375
26 29 389
26 30 47
26 32 155
26 37 484
26 38 305
26 40 411
26 41 68
26 43 365
26 51 330
26 53 496
26 54 439
26 56 363
26 57 13
26 62 90
26 64 434
26 65 85
26 68 219
26 69 112
26 76 420
26 82 152
26 83 247
26 84 153
26 85 342
26 89 125
26 90 172
26 92 61
26 93 115
26 96 89
26 97 243
26 98 192
27 29 344
27 33 279
27 34 482
27 35 320
27 38 451
27 40 73
27 45 292
27 48 172
27 50 108
27 51 177
27 54 412
27 57 10
27 63 163
27 65 208
27 66 453
27 69 91
27 71 451
27 75 464
27 76 99
27 77 295
27 78 345
27 81 40
27 82 164
27 83 17
27 85 2
27 88 102
27 89 335
27 90 460
27 94 305
27 99 161
27 100 124
28 29 334
28 31 275
28 32 207
28 34 208
28 36 453
28 38 66
28 40 130
28 45 443
28 46 403
28 49 109
28 52 139
28 54 345
28 56 53
28 57 157
28 60 349
28 62 478
28 63 31
28 66 22
28 68 338
28 71 141
28 74 94
28 75 387
28 77 239
28 78 43
28 79 472
28 80 394
28 87 153
28 89 492
28 90 111
28 95 314
28 96 114
28 97 209
28 98 161
28 99 295
28 100 19
29 31 122
29 35 489
29 36 305
29 37 496
29 39 107
29 40 195
29 43 467
29 46 175
29 48 373
29 50 169
29 51 347
29 52 119
29 53 142
29 54 218
29 57 400
29 61 358
29 63 12
29 64 233
29 68 421
29 69 275
29 71 119
29 73 465
29 75 499
29 76 315
29 77 206
29 78 422
29 82 456
29 86 133
29 87 361
29 92 99
29 94 217
29 95 265
29 96 414
29 97 459
29 99 482
29 100 293
30 31 305
30 33 121
30 34 14
30 35 476
30 37 299
30 38 380
30 41 473
30 42 205
30 48 442
30 49 366
30 50 458
30 51 90
30 52 19
30 54 140
30 55 392
30 56 72
30 58 451
30 59 139
30 64 205
30 65 482
30 66 86
30 68 451
30 70 165
30 72 460
30 74 377
30 79 248
30 80 452
30 81 368
30 83 197
30 85 59
30 87 144
30 88 215
30 90 372
30 91 358
30 93 256
30 94 128
30 96 128
30 97 171
30 98 395
30 100 125
31 32 233
31 34 188
31 36 53
31 37 399
31 39 320
31 40 82
31 41 443
31 42 6
31 46 134
31 50 311
31 51 76
31 52 11
31 54 475
31 55 295
31 57 471
31 58 104
31 59 378
31 60 261
31 61 471
31 63 204
31 64 107
31 68 466
31 70 320
31 71 3
31 72 291
31 73 472
31 77 489
31 78 182
31 79 329
31 80 244
31 83 282
31 85 397
31 86 468
31 88 219
31 92 217
31 93 31
31 97 101
31 99 282
32 34 248
32 35 266
32 36 285
32 38 182
32 40 185
32 42 457
32 43 440
32 44 70
32 46 37
32 48 211
32 49 491
32 50 492
32 51 179
32 52 21
32 56 391
32 57 149
32 58 52
32 59 35
32 60 69
32 61 154
32 65 493
32 66 252
32 67 261
32 69 253
32 73 150
32 74 281
32 75 453
32 76 44
32 78 432
32 79 432
32 81 86
32 83 82
32 85 410
32 87 171
32 88 112
32 89 350
32 93 353
32 94 9
32 96 239
32 98 112
32 99 392
33 35 92
33 36 305
33 38 59
33 39 416
33 41 87
33 44 129
33 45 12
33 47 298
33 50 249
33 53 223
33 54 164
33 55 314
33 59 311
33 62 8
33 65 385
33 68 127
33 72 286
33 73 366
33 74 425
33 75 157
33 76 109
33 77 37
33 78 178
33 82 431
33 84 216
33 85 213
33 86 213
33 87 326
33 89 491
33 90 5
33 92 106
33 94 308
33 97 128
33 99 416
33 100 348
34 35 433
34 36 44
34 38 256
34 40 336
34 41 283
34 43 278
34 44 433
34 46 102
34 47 66
34 48 193
34 51 16
34 52 214
34 53 215
34 54 320
34 56 169
34 58 24
34 60 207
34 61 376
34 64 385
34 65 262
34 66 312
34 68 19
34 69 293
34 71 284
34 72 275
34 74 183
34 76 376
34 77 383
34 78 346
34 79 211
34 80 181
34 87 345
34 90 111
34 93 319
34 94 477
34 95 108
34 97 346
34 100 22
35 37 351
35 39 283
35 40 341
35 42 318
35 47 31
35 50 347
35 53 158
35 55 334
35 58 161
35 61 295
35 62 105
35 65 454
35 66 216
35 67 360
35 68 310
35 71 262
35 74 132
35 75 348
35 78 280
35 80 191
35 83 441
35 85 355
35 88 249
35 93 24
35 95 285
35 96 104
35 97 396
35 98 182
36 37 293
36 40 70
36 41 167
36 42 379
36 43 164
36 44 76
36 45 56
36 49 130
36 50 325
36 51 282
36 53 427
36 54 208
36 56 1
36 57 82
36 58 315
36 59 152
36 60 40
36 61 357
36 63 298
36 64 292
36 65 126
36 68 26
36 69 380
36 76 171
36 78 193
36 80 8
36 82 201
36 84 58
36 85 215
36 86 334
36 91 263
36 94 35
36 100 407
37 38 79
37 39 120
37 41 99
37 42 6
37 43 182
37 44 67
37 45 5
37 46 474
37 48 15
37 49 344
37 50 373
37 51 389
37 53 167
37 54 308
37 56 420
37 58 318
37 65 321
37 66 172
37 67 84
37 70 215
37 72 133
37 74 299
37 75 361
37 78 83
37 82 410
37 83 372
37 86 331
37 87 201
37 89 125
37 90 395
37 95 370
37 97 232
37 99 128
37 100 44
38 44 473
38 45 119
38 46 417
38 48 192
38 50 87
38 51 111
38 53 261
38 54 135
38 56 344
38 59 387
38 60 382
38 62 444
38 66 300
38 70 132
38 71 421
38 72 97
38 74 135
38 75 137
38 77 258
38 78 70
38 80 131
38 81 487
38 82 276
38 85 327
38 86 368
38 87 98
38 88 146
38 89 402
38 90 180
38 91 339
38 92 229
38 94 235
38 96 83
38 97 222
38 98 15
38 99 291
38 100 421
39 40 16
39 42 120
39 45 227
39 47 310
39 48 117
39 50 233
39 51 428
39 53 440
39 54 456
39 55 178
39 57 468
39 58 433
39 59 320
39 61 440
39 64 415
39 67 109
39 68 270
39 70 129
39 73 41
39 77 476
39 78 159
39 79 382
39 82 284
39 83 74
39 86 75
39 87 12
39 88 420
39 89 284
39 92 374
39 93 337
39 94 448
39 96 424
39 98 191
39 99 139
40 41 422
40 49 36
40 51 98
40 52 29
40 53 437
40 55 79
40 56 44
40 57 105
40 58 174
40 59 235
40 60 463
40 61 309
40 63 12
40 64 275
40 68 287
40 69 156
40 71 110
40 72 220
40 73 376
40 79 38
40 81 272
40 84 366
40 85 53
40 87 327
40 88 341
40 89 486
40 90 18
40 91 16
40 93 154
40 94 74
40 95 315
41 43 476
41 44 466
41 45 338
41 47 390
41 48 122
41 49 147
41 51 410
41 54 382
41 55 246
41 57 319
41 60 241
41 61 235
41 62 340
41 64 55
41 65 311
41 66 378
41 69 234
41 70 299
41 72 243
41 74 442
41 75 452
41 77 135
41 78 463
41 79 276
41 80 367
41 81 348
41 83 336
41 84 198
41 86 70
41 88 404
41 91 462
41 93 182
41 95 233
41 97 206
41 98 39
41 100 406
42 45 379
42 47 77
42 48 122
42 51 328
42 52 33
42 57 363
42 58 194
42 60 399
42 62 159
42 65 139
42 68 498
42 70 397
42 71 379
42 76 475
42 77 349
42 79 110
42 80 350
42 86 465
42 87 254
42 94 238
42 96 117
42 97 389
42 98 373
43 45 279
43 47 186
43 50 464
43 51 308
43 54 194
43 56 335
43 57 438
43 59 454
43 60 472
43 65 145
43 66 412
43 67 282
43 69 467
43 70 19
43 71 301
43 75 37
43 77 126
43 78 237
43 79 410
43 80 255
43 84 75
43 88 260
43 90 6
43 92 242
43 93 420
43 94 132
43 95 304
43 96 112
43 98 348
43 99 239
43 100 245
44 47 194
44 50 270
44 52 281
44 53 492
44 55 234
44 57 1
44 58 276
44 60 387
44 62 13
44 64 386
44 67 162
44 72 326
44 75 245
44 76 157
44 77 115
44 81 338
44 83 349
44 84 37
44 85 319
44 86 97
44 87 294
44 90 483
44 91 431
44 93 415
44 95 30
44 96 444
44 98 478
44 100 94
45 46 359
45 47 1
45 48 71
45 50 167
45 52 480
45 53 393
45 54 265
45 55 328
45 56 18
45 59 12
45 60 245
45 62 468
45 63 411
45 66 276
45 69 59
45 75 146
45 76 496
45 78 291
45 79 411
45 80 382
45 82 424
45 84 302
45 85 104
45 86 167
45 91 349
45 93 253
45 94 235
45 95 458
45 96 427
45 99 440
46 47 192
46 49 38
46 50 460
46 53 462
46 54 112
46 56 450
46 57 392
46 58 44
46 60 219
46 61 310
46 65 415
46 67 384
46 68 335
46 70 74
46 71 384
46 72 456
46 73 17
46 74 418
46 75 165
46 77 88
46 84 96
46 85 88
46 86 466
46 87 49
46 91 143
46 93 27
46 94 230
46 97 156
46 99 177
47 48 488
47 52 264
47 54 38
47 59 409
47 60 333
47 61 441
47 65 283
47 69 316
47 70 488
47 71 253
47 77 254
47 78 343
47 79 148
47 82 348
47 84 193
47 85 409
47 86 23
47 92 347
47 95 394
47 98 464
47 99 302
47 100 10
48 49 359
48 61 230
48 62 338
48 64 365
48 65 419
48 67 91
48 68 306
48 69 133
48 71 217
48 73 316
48 77 117
48 78 221
48 79 330
48 81 462
48 84 281
48 89 372
48 90 145
48 91 174
48 94 186
48 97 410
49 53 36
49 56 495
49 57 441
49 58 429
49 59 206
49 61 129
49 64 138
49 65 116
49 66 346
49 72 381
49 73 278
49 74 142
49 75 465
49 76 171
49 77 330
49 79 314
49 80 31
49 81 41
49 82 150
49 84 43
49 86 399
49 90 211
49 91 144
49 93 63
49 95 476
49 97 84
49 100 215
50 51 394
50 53 44
50 54 365
50 56 195
50 57 50
50 58 377
50 63 341
50 64 343
50 65 281
50 67 364
50 68 318
50 70 52
50 73 289
50 74 255
50 75 298
50 77 492
50 80 36
50 81 14
50 82 58
50 84 362
50 86 143
50 88 284
50 90 323
50 98 461
50 100 120
51 52 321
51 54 334
51 59 466
51 61 455
51 62 488
51 64 90
51 65 269
51 69 217
51 71 275
51 72 103
51 74 257
51 76 375
51 77 89
51 78 10
51 80 214
51 82 480
51 83 200
51 85 468
51 86 244
51 87 492
51 88 347
51 89 14
51 90 79
51 92 113
51 94 487
51 97 44
51 99 35
51 100 465
52 54 442
52 55 303
52 56 240
52 58 324
52 59 433
52 61 409
52 63 265
52 64 477
52 65 333
52 67 367
52 68 205
52 71 499
52 72 431
52 74 292
52 76 208
52 77 215
52 78 1
52 80 340
52 83 83
52 86 411
52 87 1
52 88 195
52 90 160
52 92 160
52 93 241
52 95 46
52 96 17
52 98 17
53 54 133
53 55 105
53 56 416
53 58 105
53 59 331
53 60 400
53 61 26
53 62 187
53 63 497
53 64 476
53 66 22
53 68 281
53 69 191
53 70 139
53 71 199
53 76 300
53 78 131
53 80 396
53 82 84
53 84 347
53 87 66
53 88 125
53 90 93
53 94 97
53 95 357
53 96 265
53 97 406
53 99 214
54 59 244
54 61 494
54 64 76
54 65 344
54 67 419
54 68 206
54 70 341
54 71 87
54 72 287
54 73 118
54 76 103
54 77 233
54 80 157
54 83 249
54 84 66
54 85 150
54 88 366
54 89 112
54 91 198
54 92 472
54 95 448
54 97 276
54 98 127
54 100 61
55 56 438
55 58 420
55 59 364
55 60 446
55 62 312
55 63 31
55 64 250
55 65 422
55 66 334
55 68 266
55 70 331
55 73 458
55 74 215
55 78 208
55 79 80
55 81 26
55 84 18
55 85 190
55 87 301
55 88 428
55 94 358
55 95 198
55 99 414
55 100 407
56 57 468
56 58 297
56 61 266
56 63 482
56 64 180
56 65 258
56 69 437
56 72 459
56 73 491
56 75 405
56 76 147
56 77 457
56 78 250
56 80 217
56 83 453
56 85 380
56 86 353
56 87 106
56 89 90
56 90 151
56 92 142
56 93 138
56 95 62
56 97 367
56 98 125
56 100 96
57 58 395
57 60 225
57 62 79
57 65 438
57 66 345
57 70 257
57 71 331
57 72 220
57 73 139
57 75 263
57 76 212
57 79 463
57 84 329
57 85 94
57 88 355
57 89 458
57 90 440
57 94 300
57 95 478
57 96 338
57 97 202
58 60 194
58 64 21
58 65 36
58 66 190
58 73 205
58 76 412
58 79 490
58 80 440
58 82 108
58 83 81
58 84 206
58 86 457
58 87 182
58 91 358
58 94 38
58 95 378
58 96 183
59 64 114
59 65 57
59 66 318
59 71 363
59 73 498
59 74 163
59 75 211
59 76 234
59 80 161
59 81 269
59 82 402
59 84 16
59 85 186
59 86 113
59 87 442
59 89 419
59 92 287
59 94 142
59 95 395
59 96 198
59 97 331
59 98 4
59 99 206
59 100 41
60 63 224
60 64 216
60 66 106
60 68 253
60 71 141
60 73 321
60 75 213
60 76 178
60 77 393
60 78 459
60 80 1
60 81 134
60 84 137
60 85 136
60 86 202
60 87 273
60 89 314
60 90 301
60 97 252
60 100 73
61 64 326
61 65 386
61 68 14
61 70 176
61 71 434
61 72 484
61 74 181
61 77 215
61 78 23
61 79 170
61 81 20
61 85 188
61 86 104
61 87 198
61 88 409
61 89 347
61 90 232
61 95 347
61 96 370
61 98 170
61 100 430
62 64 318
62 65 277
62 66 244
62 68 95
62 73 55
62 74 316
62 75 338
62 76 90
62 77 23
62 78 149
62 79 456
62 80 486
62 81 465
62 82 353
62 83 388
62 87 454
62 88 302
62 89 60
62 91 318
62 92 127
62 93 462
62 95 262
62 97 187
62 99 173
63 66 365
63 67 277
63 69 480
63 70 326
63 71 385
63 72 159
63 73 204
63 74 14
63 75 313
63 79 402
63 80 284
63 81 489
63 82 428
63 84 71
63 85 286
63 87 44
63 89 381
63 90 247
63 92 228
63 97 61
63 98 423
63 100 207
64 68 150
64 71 251
64 72 50
64 74 411
64 75 397
64 77 89
64 79 29
64 80 164
64 81 326
64 83 332
64 85 255
64 86 400
64 88 317
64 89 488
64 90 159
64 94 86
64 95 182
64 96 211
64 97 210
64 98 460
64 99 139
64 100 456
65 67 100
65 70 482
65 71 66
65 72 361
65 76 302
65 77 456
65 79 415
65 80 451
65 81 204
65 82 232
65 83 347
65 86 192
65 89 446
65 90 286
65 91 44
65 94 356
65 96 181
65 97 195
65 99 429
66 68 325
66 69 393
66 71 402
66 75 131
66 76 211
66 78 157
66 80 446
66 82 68
66 84 263
66 85 366
66 88 91
66 89 152
66 90 449
66 92 109
66 93 138
66 94 117
66 99 424
66 100 224
67 69 292
67 70 319
67 74 290
67 78 430
67 79 182
67 80 48
67 82 180
67 86 402
67 88 341
67 90 221
67 92 317
67 93 329
67 95 397
67 96 450
67 98 380
68 69 316
68 71 274
68 72 348
68 76 394
68 77 454
68 81 183
68 85 464
68 86 38
68 87 270
68 88 120
68 89 444
68 90 255
68 92 61
68 93 218
68 94 363
68 96 205
68 98 355
68 100 223
69 73 222
69 79 82
69 86 491
69 87 153
69 88 231
69 89 371
69 90 335
69 92 58
69 93 192
69 95 191
69 96 374
69 97 482
69 100 182
70 71 470
70 72 228
70 74 219
70 75 13
70 76 181
70 78 452
70 85 422
70 86 278
70 87 356
70 88 222
70 89 379
70 90 239
70 91 372
70 92 92
70 94 451
70 96 463
70 97 118
70 98 249
70 99 60
71 73 246
71 74 305
71 77 296
71 78 121
71 80 1
71 82 127
71 87 273
71 88 482
71 90 9
71 91 274
71 96 77
71 97 227
71 99 95
71 100 135
72 75 325
72 76 125
72 77 76
72 78 221
72 80 481
72 82 489
72 86 330
72 87 268
72 91 321
72 92 177
72 93 251
72 95 353
72 96 191
72 97 381
73 75 23
73 79 305
73 80 77
73 82 260
73 83 148
73 86 334
73 88 123
73 90 151
73 91 335
73 92 5
73 95 316
73 96 25
74 76 55
74 80 244
74 81 97
74 84 368
74 87 490
74 88 305
74 89 248
74 91 395
74 96 463
75 76 344
75 77 200
75 78 71
75 84 386
75 85 458
75 86 307
75 87 109
75 88 378
75 91 123
75 92 65
75 96 445
75 98 422
76 78 351
76 81 171
76 83 140
76 84 371
76 85 403
76 88 128
76 90 469
76 93 253
76 96 35
76 97 348
76 100 73
77 78 130
77 79 91
77 82 167
77 84 194
77 85 453
77 86 401
77 87 291
77 88 5
77 89 369
77 91 412
77 93 38
77 94 46
77 96 352
77 97 142
77 98 440
77 100 107
78 79 318
78 81 50
78 82 289
78 84 404
78 86 51
78 88 240
78 89 318
78 90 372
78 91 292
78 92 492
78 94 212
78 95 492
78 96 39
78 97 264
78 98 423
78 99 15
79 81 393
79 84 314
79 86 137
79 87 239
79 88 251
79 89 279
79 92 11
79 93 460
79 94 215
79 98 309
79 99 408
80 81 301
80 82 158
80 83 129
80 86 392
80 88 420
80 90 441
80 92 451
80 95 390
80 96 223
80 97 403
80 99 489
80 100 459
81 84 279
81 86 214
81 87 494
81 88 498
81 89 112
81 90 364
81 91 308
81 92 250
81 95 93
81 96 163
81 97 389
81 100 55
82 87 28
82 88 312
82 89 87
82 91 475
82 92 201
82 94 448
82 95 256
82 96 13
82 98 175
82 100 18
83 84 134
83 87 385
83 89 390
83 90 39
83 92 116
83 93 361
83 94 97
83 95 208
83 96 119
83 97 192
84 85 1
84 86 272
84 87 175
84 89 25
84 91 36
84 93 351
84 94 381
84 96 20
84 99 319
84 100 182
85 86 140
85 87 251
85 90 376
85 94 394
85 97 434
86 88 357
86 89 287
86 90 496
86 92 248
86 95 53
86 100 37
87 88 350
87 91 268
87 93 356
87 94 371
87 95 310
87 97 374
87 99 466
88 89 459
88 90 293
88 92 337
88 93 188
88 94 405
88 96 331
88 97 460
88 98 57
88 99 10
89 90 44
89 91 238
89 92 448
89 93 223
89 94 150
89 95 151
89 96 378
89 97 95
89 99 492
89 100 429
90 91 214
90 92 243
90 93 473
90 94 199
90 95 64
90 96 72
90 99 310
91 93 137
91 94 496
91 95 269
91 98 58
91 100 486
92 98 9
92 99 381
92 100 239
93 94 144
93 96 453
93 98 78
93 99 143
94 95 411
94 96 420
94 97 226
94 99 489
94 100 423
95 100 284
96 97 240
96 99 383
97 99 29
98 100 41
99 100 167
