100 2552
1 8 329
1 10 300
1 11 377
1 12 161
1 13 50
1 14 471
1 15 294
1 16 276
1 17 355
1 18 496
1 19 363
1 23 173
1 24 254
1 26 360
1 28 438
1 30 68
1 32 395
1 33 322
1 35 392
1 37 113
1 38 187
1 40 10
1 42 9
1 43 58
1 45 311
1 48 318
1 53 27
1 54 127
1 56 186
1 57 488
1 59 175
1 60 344
1 64 466
1 66 417
1 67 50
1 69 145
1 70 144
1 71 471
1 74 3
1 75 462
1 76 237
1 84 87
1 88 349
1 90 157
1 91 124
1 94 57
1 95 360
1 98 433
1 99 128
1 100 170
2 3 440
2 4 480
2 5 41
2 6 208
2 7 400
2 8 296
2 10 452
2 11 47
2 14 421
2 16 131
2 18 341
2 19 251
2 21 18
2 22 498
2 23 99
2 24 427
2 26 412
2 27 223
2 28 382
2 29 303
2 30 465
2 38 291
2 39 442
2 46 178
2 48 382
2 50 295
2 54 254
2 55 49
2 58 52
2 59 203
2 64 212
2 65 348
2 68 111
2 70 492
2 71 108
2 72 352
2 74 66
2 75 50
2 76 282
2 77 418
2 78 151
2 81 185
2 83 174
2 85 329
2 87 217
2 88 339
2 89 132
2 93 346
2 94 488
2 96 270
2 98 381
2 99 34
2 100 37
3 6 392
3 7 283
3 8 285
3 12 478
3 15 288
3 19 271
3 22 468
3 24 2
3 26 497
3 27 372
3 30 165
3 31 315
3 32 354
3 36 442
3 37 189
3 40 365
3 41 342
3 43 463
3 45 297
3 46 415
3 49 416
3 50 269
3 53 317
3 55 133
3 56 164
3 57 89
3 58 360
3 59 227
3 61 175
3 62 66
3 63 101
3 64 56
3 66 398
3 70 61
3 73 263
3 76 97
3 78 491
3 79 374
3 80 237
3 83 330
3 84 129
3 85 163
3 87 61
3 88 409
3 89 61
3 90 369
3 92 133
3 93 203
3 95 445
3 97 276
3 99 13
3 100 91
4 6 375
4 10 484
4 12 172
4 14 418
4 15 12
4 18 412
4 19 7
4 21 451
4 22 423
4 25 17
4 27 369
4 29 349
4 30 147
4 31 42
4 33 490
4 34 141
4 35 212
4 36 489
4 38 496
4 39 366
4 40 76
4 41 230
4 44 178
4 46 458
4 47 242
4 48 367
4 49 56
4 51 323
4 54 89
4 55 498
4 56 185
4 57 36
4 64 28
4 66 198
4 68 217
4 69 144
4 70 472
4 71 180
4 73 4
4 74 113
4 75 380
4 76 11
4 77 57
4 81 348
4 86 142
4 88 473
4 90 98
4 92 56
4 93 289
4 98 273
4 100 107
5 6 266
5 8 115
5 9 314
5 12 300
5 14 52
5 15 357
5 17 429
5 18 310
5 19 317
5 22 415
5 23 301
5 24 331
5 25 487
5 28 151
5 29 315
5 30 22
5 31 74
5 34 178
5 35 316
5 38 103
5 39 215
5 42 278
5 44 109
5 46 486
5 47 271
5 48 222
5 49 390
5 51 464
5 52 201
5 53 241
5 55 126
5 56 175
5 57 479
5 58 281
5 59 296
5 64 316
5 65 179
5 66 344
5 67 229
5 70 254
5 71 463
5 73 311
5 75 344
5 76 144
5 78 323
5 79 469
5 80 64
5 88 224
5 89 456
5 92 492
5 93 194
5 94 332
5 95 44
5 96 157
6 10 119
6 11 10
6 12 359
6 13 158
6 14 147
6 17 161
6 20 497
6 24 37
6 25 205
6 26 309
6 28 75
6 29 62
6 30 321
6 31 121
6 32 103
6 34 39
6 36 53
6 37 55
6 38 125
6 39 329
6 40 301
6 41 148
6 44 310
6 45 133
6 46 399
6 47 246
6 49 366
6 52 360
6 54 261
6 55 393
6 56 169
6 57 16
6 59 95
6 61 95
6 62 227
6 63 411
6 65 88
6 69 233
6 74 206
6 76 97
6 77 376
6 81 318
6 82 346
6 84 440
6 87 147
6 89 12
6 90 110
6 91 274
6 92 342
6 95 317
6 96 36
6 97 113
6 98 233
6 100 328
7 9 253
7 11 488
7 13 413
7 14 451
7 15 434
7 16 76
7 18 417
7 19 490
7 21 5
7 22 393
7 23 171
7 27 163
7 28 483
7 29 38
7 32 162
7 34 364
7 36 217
7 37 50
7 38 154
7 42 453
7 46 394
7 47 437
7 49 198
7 51 446
7 52 382
7 57 447
7 60 156
7 61 92
7 64 440
7 65 129
7 66 200
7 68 137
7 69 479
7 70 103
7 74 443
7 75 188
7 78 492
7 79 187
7 80 167
7 81 357
7 83 75
7 86 104
7 87 350
7 90 351
7 91 499
7 92 410
7 95 168
7 96 418
7 97 240
7 98 190
8 11 466
8 14 87
8 15 59
8 16 419
8 17 82
8 20 375
8 21 193
8 24 205
8 25 141
8 27 330
8 28 147
8 29 491
8 30 374
8 33 29
8 37 28
8 38 340
8 40 493
8 41 100
8 42 62
8 44 461
8 45 350
8 47 3
8 49 262
8 50 272
8 52 214
8 54 242
8 55 459
8 57 486
8 59 470
8 63 8
8 64 68
8 69 248
8 70 71
8 71 92
8 73 305
8 74 376
8 75 381
8 76 470
8 83 292
8 84 163
8 85 37
8 87 303
8 90 189
8 91 340
8 92 32
8 93 154
8 94 416
8 95 206
8 96 311
9 11 170
9 12 202
9 13 215
9 16 458
9 17 477
9 18 476
9 19 139
9 23 196
9 25 112
9 28 367
9 31 278
9 32 146
9 33 483
9 35 198
9 38 447
9 39 481
9 40 68
9 43 1
9 44 102
9 46 158
9 48 25
9 49 106
9 51 182
9 52 85
9 54 48
9 57 365
9 58 166
9 60 233
9 64 411
9 65 304
9 66 304
9 68 328
9 71 138
9 75 296
9 78 398
9 80 341
9 81 136
9 82 40
9 83 119
9 84 138
9 86 35
9 89 451
9 90 196
9 94 302
9 95 156
9 100 24
10 11 337
10 12 272
10 13 164
10 14 43
10 16 235
10 17 334
10 19 286
10 21 212
10 22 159
10 24 148
10 25 296
10 29 162
10 33 30
10 34 235
10 35 118
10 37 231
10 38 263
10 39 120
10 41 109
10 42 268
10 43 89
10 44 17
10 45 364
10 48 40
10 49 186
10 54 454
10 55 213
10 56 78
10 58 412
10 60 309
10 61 13
10 62 85
10 64 174
10 69 95
10 71 371
10 72 56
10 75 125
10 79 162
10 83 62
10 85 423
10 86 326
10 88 273
10 91 82
10 93 230
10 95 221
10 96 303
10 98 162
10 100 323
11 12 407
11 14 246
11 16 169
11 17 57
11 20 427
11 21 31
11 23 112
11 24 135
11 28 340
11 30 17
11 33 271
11 35 214
11 36 180
11 37 62
11 43 255
11 44 61
11 46 472
11 47 274
11 48 101
11 50 340
11 54 460
11 56 451
11 61 69
11 64 358
11 66 418
11 67 248
11 69 22
11 71 413
11 74 277
11 75 33
11 79 463
11 80 483
11 81 70
11 86 67
11 89 243
11 90 366
11 91 109
11 92 454
11 95 29
11 96 85
12 13 103
12 15 449
12 16 196
12 17 474
12 19 247
12 20 291
12 23 32
12 27 204
12 29 185
12 30 102
12 31 441
12 33 322
12 34 270
12 35 313
12 38 59
12 41 186
12 42 84
12 43 387
12 44 23
12 45 117
12 46 465
12 48 365
12 50 85
12 51 388
12 52 434
12 53 177
12 57 236
12 60 334
12 63 19
12 65 206
12 67 322
12 70 2
12 73 487
12 75 393
12 76 432
12 77 230
12 78 324
12 80 472
12 81 327
12 82 255
12 85 374
12 86 194
12 87 435
12 91 243
12 93 15
12 95 497
12 96 416
13 15 321
13 17 353
13 18 441
13 20 342
13 22 55
13 25 143
13 26 147
13 27 165
13 29 162
13 33 375
13 34 392
13 35 311
13 36 269
13 39 194
13 41 194
13 46 69
13 51 329
13 53 410
13 54 167
13 56 453
13 58 482
13 60 251
13 61 497
13 62 233
13 63 346
13 64 336
13 65 130
13 67 475
13 68 182
13 71 469
13 72 482
13 73 145
13 74 496
13 76 478
13 77 136
13 78 71
13 79 246
13 80 220
13 82 56
13 84 48
13 86 346
13 87 86
13 89 332
13 91 266
13 94 40
13 96 70
13 97 248
13 98 272
13 99 498
13 100 498
14 15 141
14 18 253
14 21 353
14 22 272
14 23 62
14 24 441
14 28 400
14 29 198
14 32 10
14 33 241
14 37 401
14 38 263
14 39 5
14 42 491
14 43 224
14 45 166
14 46 158
14 47 159
14 49 135
14 53 444
14 54 487
14 55 159
14 56 255
14 58 35
14 59 23
14 60 430
14 62 154
14 63 358
14 64 290
14 66 226
14 68 360
14 69 241
14 70 409
14 72 174
14 73 293
14 76 370
14 81 185
14 82 390
14 83 476
14 84 96
14 85 227
14 94 137
14 95 348
14 96 469
14 97 144
14 100 287
15 16 409
15 17 213
15 22 459
15 23 28
15 24 175
15 27 489
15 28 163
15 29 30
15 31 276
15 34 180
15 36 274
15 41 232
15 42 467
15 44 495
15 47 480
15 49 349
15 51 13
15 53 301
15 54 379
15 55 128
15 57 110
15 59 499
15 60 282
15 62 14
15 63 275
15 64 318
15 67 30
15 74 308
15 77 487
15 78 283
15 82 57
15 83 340
15 84 374
15 87 433
15 88 439
15 89 491
15 92 313
15 97 122
15 98 213
15 99 435
15 100 468
16 18 302
16 19 301
16 20 248
16 23 349
16 24 97
16 26 436
16 27 414
16 31 422
16 33 75
16 34 272
16 36 240
16 38 320
16 43 398
16 46 399
16 47 87
16 48 263
16 51 336
16 54 200
16 55 170
16 57 31
16 58 211
16 59 308
16 60 308
16 61 30
16 62 25
16 63 177
16 65 47
16 66 397
16 68 313
16 69 276
16 70 40
16 73 342
16 74 350
16 75 136
16 78 445
16 79 397
16 82 321
16 83 83
16 87 276
16 90 356
16 95 231
16 97 377
16 100 344
17 18 12
17 21 41
17 22 229
17 24 120
17 25 105
17 27 290
17 31 276
17 32 98
17 37 89
17 39 355
17 40 256
17 42 74
17 43 49
17 45 446
17 46 436
17 48 4
17 51 496
17 53 371
17 56 383
17 58 334
17 61 62
17 62 117
17 63 340
17 64 13
17 66 172
17 68 108
17 69 178
17 70 347
17 72 344
17 73 291
17 76 298
17 78 193
17 83 11
17 84 483
17 86 129
17 87 344
17 88 237
17 89 408
17 90 37
17 95 429
17 96 261
18 21 116
18 22 253
18 23 37
18 24 66
18 25 62
18 27 76
18 28 150
18 29 83
18 30 23
18 31 435
18 32 165
18 33 174
18 34 106
18 37 63
18 38 470
18 39 25
18 40 2
18 42 437
18 43 474
18 45 216
18 47 366
18 48 289
18 49 27
18 50 302
18 51 189
18 54 238
18 56 147
18 57 147
18 58 385
18 59 79
18 60 85
18 61 169
18 63 385
18 65 29
18 67 395
18 70 113
18 73 311
18 76 153
18 77 133
18 78 283
18 80 201
18 81 287
18 84 32
18 85 251
18 88 233
18 89 79
18 91 56
18 92 39
18 93 482
18 94 130
18 95 445
18 97 228
18 99 206
19 20 353
19 21 34
19 23 284
19 25 499
19 26 353
19 27 497
19 28 217
19 33 175
19 35 88
19 37 102
19 38 230
19 41 329
19 42 99
19 43 50
19 44 313
19 48 332
19 51 38
19 52 305
19 55 266
19 56 182
19 58 48
19 59 215
19 61 222
19 62 150
19 64 300
19 65 244
19 66 342
19 67 479
19 69 300
19 70 372
19 71 367
19 72 344
19 73 222
19 80 234
19 82 383
19 83 156
19 84 165
19 85 351
19 86 399
19 87 63
19 88 408
19 89 103
19 91 58
19 93 279
19 94 494
19 95 363
19 96 354
19 98 408
20 24 9
20 25 346
20 26 3
20 27 467
20 29 375
20 33 413
20 34 238
20 36 11
20 37 121
20 39 306
20 40 158
20 41 222
20 42 101
20 43 490
20 44 269
20 47 359
20 48 114
20 49 143
20 55 57
20 56 181
20 57 181
20 58 9
20 59 385
20 62 161
20 63 197
20 64 489
20 65 70
20 72 83
20 74 241
20 76 369
20 78 50
20 82 222
20 83 117
20 84 386
20 86 376
20 88 414
20 92 425
20 95 199
20 96 265
20 98 433
21 22 323
21 23 148
21 24 146
21 25 481
21 27 243
21 28 311
21 30 437
21 31 165
21 34 447
21 36 12
21 37 372
21 41 359
21 42 210
21 44 357
21 45 54
21 47 363
21 52 148
21 55 13
21 56 255
21 57 324
21 60 268
21 61 114
21 63 323
21 65 457
21 67 134
21 69 441
21 76 287
21 79 200
21 84 419
21 89 347
21 93 169
21 95 292
21 97 279
21 98 418
21 99 464
21 100 14
22 23 80
22 24 498
22 28 358
22 31 431
22 32 456
22 34 367
22 35 358
22 37 61
22 40 382
22 42 41
22 43 264
22 45 262
22 47 299
22 49 398
22 51 107
22 54 449
22 55 255
22 57 482
22 60 162
22 61 367
22 62 139
22 63 405
22 64 128
22 67 465
22 70 353
22 72 152
22 74 379
22 75 163
22 78 109
22 82 162
22 88 30
22 90 434
22 92 348
22 96 350
22 97 226
22 98 274
22 99 158
23 26 471
23 29 335
23 30 422
23 31 159
23 32 397
23 34 436
23 36 496
23 37 194
23 38 103
23 40 106
23 41 381
23 43 40
23 44 381
23 45 121
23 48 4
23 49 393
23 51 53
23 54 470
23 55 318
23 56 396
23 58 149
23 59 167
23 60 111
23 61 132
23 63 448
23 65 387
23 68 436
23 70 330
23 71 312
23 74 300
23 76 473
23 77 294
23 80 150
23 82 59
23 83 16
23 87 362
23 88 61
23 89 100
23 91 284
23 96 59
23 98 377
24 27 4
24 29 205
24 30 339
24 34 183
24 35 143
24 38 67
24 39 169
24 41 366
24 45 248
24 46 177
24 47 379
24 48 404
24 49 163
24 50 51
24 51 100
24 52 391
24 54 74
24 56 134
24 57 179
24 58 5
24 62 249
24 63 304
24 67 170
24 69 74
24 72 104
24 78 434
24 83 15
24 84 146
24 85 280
24 88 411
24 89 370
24 94 48
24 96 473
24 97 491
24 98 373
25 26 349
25 27 290
25 28 447
25 29 6
25 30 102
25 33 210
25 37 224
25 38 91
25 41 148
25 43 61
25 44 133
25 45 83
25 46 193
25 47 387
25 48 292
25 50 76
25 51 406
25 54 361
25 57 163
25 59 253
25 60 33
25 63 78
25 64 303
25 66 495
25 69 439
25 71 292
25 73 443
25 74 15
25 84 319
25 85 60
25 86 158
25 90 259
25 91 391
25 92 206
25 95 249
25 96 259
25 97 293
25 98 285
26 27 238
26 29 206
26 30 293
26 32 229
26 33 363
26 34 319
26 35 371
26 37 355
26 38 366
26 39 243
26 40 434
26 41 425
26 42 291
26 43 258
26 44 244
26 45 232
26 46 316
26 47 269
26 50 208
26 53 400
26 55 36
26 56 197
26 58 372
26 60 85
26 63 124
26 64 46
26 65 377
26 66 239
26 68 42
26 69 1
26 70 379
26 71 43
26 73 384
26 74 464
26 75 48
26 76 230
26 77 15
26 78 374
26 80 497
26 82 6
26 83 210
26 84 33
26 85 63
26 86 366
26 87 339
26 88 10
26 89 111
26 90 63
26 91 29
26 93 36
26 95 350
26 96 98
27 29 308
27 30 334
27 31 221
27 33 188
27 34 390
27 36 279
27 38 131
27 41 486
27 42 28
27 44 125
27 45 43
27 46 164
27 48 249
27 49 208
27 53 38
27 55 448
27 56 196
27 57 498
27 62 94
27 63 443
27 64 266
27 67 373
27 68 274
27 70 453
27 76 282
27 77 152
27 79 150
27 80 366
27 81 218
27 82 165
27 84 22
27 91 450
27 94 173
27 95 252
27 97 34
27 98 223
27 99 220
27 100 283
28 29 221
28 31 163
28 32 5
28 35 177
28 36 459
28 38 187
28 39 404
28 41 349
28 42 200
28 43 256
28 44 421
28 46 72
28 48 70
28 49 256
28 51 261
28 52 221
28 53 298
28 55 182
28 56 352
28 57 340
28 65 14
28 68 167
28 69 221
28 70 56
28 71 355
28 72 362
28 73 38
28 74 310
28 75 120
28 78 81
28 79 55
28 81 351
28 85 380
28 86 27
28 88 247
28 92 367
28 93 392
28 94 400
28 97 220
28 98 182
29 30 470
29 34 210
29 37 87
29 38 437
29 39 165
29 42 160
29 45 131
29 46 265
29 47 311
29 50 336
29 52 93
29 53 479
29 54 253
29 57 402
29 58 436
29 59 179
29 62 112
29 67 495
29 71 22
29 72 355
29 82 122
29 84 78
29 86 418
29 87 197
29 88 214
29 90 416
29 92 250
29 95 481
29 96 403
29 97 119
29 98 75
29 100 409
30 31 428
30 32 96
30 36 492
30 37 188
30 38 199
30 43 339
30 44 304
30 46 484
30 48 322
30 54 468
30 56 384
30 58 154
30 60 121
30 61 468
30 62 232
30 63 215
30 64 174
30 65 170
30 68 280
30 69 176
30 71 298
30 72 300
30 75 430
30 78 68
30 82 2
30 83 275
30 85 489
30 87 286
30 88 165
30 90 444
30 91 292
30 92 123
30 94 25
30 95 44
30 99 482
30 100 468
31 33 71
31 34 293
31 37 391
31 38 175
31 40 57
31 42 1
31 45 257
31 46 134
31 47 479
31 50 277
31 52 57
31 53 325
31 54 474
31 57 125
31 59 193
31 63 482
31 66 274
31 68 333
31 69 367
31 71 421
31 73 256
31 75 371
31 78 8
31 79 395
31 83 323
31 87 455
31 90 225
31 92 208
31 94 120
31 97 246
31 99 117
31 100 151
32 35 275
32 36 347
32 39 414
32 42 281
32 44 395
32 45 247
32 47 38
32 50 34
32 53 384
32 55 36
32 56 409
32 59 274
32 61 214
32 62 467
32 63 379
32 64 167
32 65 314
32 67 352
32 70 431
32 72 494
32 73 320
32 74 233
32 77 404
32 78 495
32 79 366
32 80 123
32 81 481
32 82 179
32 84 270
32 85 416
32 88 279
32 91 90
32 96 285
32 100 57
33 35 456
33 37 235
33 38 62
33 39 253
33 40 446
33 43 208
33 47 223
33 48 217
33 49 189
33 52 329
33 54 245
33 57 469
33 65 186
33 66 421
33 67 327
33 69 327
33 70 58
33 71 303
33 73 139
33 76 214
33 77 187
33 82 267
33 83 19
33 85 411
33 91 77
33 95 331
33 96 352
34 37 208
34 38 101
34 40 11
34 44 130
34 45 497
34 46 18
34 50 412
34 52 405
34 53 394
34 54 139
34 55 365
34 57 73
34 58 87
34 61 431
34 65 137
34 66 214
34 67 18
34 68 190
34 69 207
34 70 152
34 71 76
34 76 62
34 79 419
34 81 105
34 84 33
34 88 24
34 89 464
34 91 448
34 97 391
34 98 260
34 99 306
34 100 38
35 36 436
35 40 490
35 41 85
35 42 3
35 43 481
35 44 498
35 48 425
35 49 426
35 50 258
35 51 373
35 55 58
35 59 479
35 60 51
35 61 308
35 62 10
35 63 297
35 65 33
35 68 47
35 70 382
35 72 140
35 76 347
35 80 160
35 82 383
35 84 191
35 90 399
35 93 250
35 96 155
35 99 188
36 38 26
36 44 26
36 47 50
36 50 399
36 53 336
36 55 426
36 56 482
36 58 170
36 59 210
36 61 410
36 62 143
36 65 249
36 67 143
36 69 192
36 70 331
36 72 195
36 73 299
36 76 457
36 81 13
36 82 299
36 83 421
36 85 435
36 86 36
36 89 312
36 91 420
36 92 30
36 96 456
36 98 48
36 100 72
37 39 84
37 40 273
37 41 201
37 42 440
37 44 469
37 45 158
37 47 91
37 49 397
37 50 325
37 51 293
37 52 245
37 54 103
37 57 426
37 59 200
37 60 168
37 61 261
37 62 234
37 68 174
37 69 267
37 74 208
37 76 157
37 80 87
37 81 228
37 83 49
37 84 441
37 85 467
37 89 105
37 90 159
37 92 371
37 93 457
37 94 272
37 95 102
37 99 339
37 100 88
38 44 478
38 46 295
38 48 177
38 51 341
38 53 298
38 55 437
38 57 310
38 58 356
38 60 443
38 61 219
38 63 75
38 68 369
38 69 391
38 70 444
38 71 495
38 72 385
38 73 221
38 75 281
38 77 60
38 78 246
38 79 324
38 82 457
38 84 377
38 85 292
38 91 254
38 92 327
38 94 325
38 95 264
38 97 360
38 99 383
39 42 11
39 45 289
39 46 163
39 51 295
39 53 123
39 54 262
39 56 303
39 58 163
39 59 455
39 61 480
39 62 468
39 63 134
39 64 361
39 66 301
39 69 383
39 71 385
39 73 303
39 74 6
39 76 114
39 77 25
39 79 70
39 81 70
39 83 203
39 85 181
39 87 93
39 88 498
39 91 138
39 93 440
39 95 233
39 96 57
39 97 291
39 100 131
40 43 297
40 46 146
40 48 238
40 55 469
40 56 456
40 57 79
40 59 359
40 61 421
40 63 467
40 64 107
40 65 380
40 66 449
40 71 256
40 75 61
40 80 18
40 81 53
40 83 252
40 84 34
40 85 209
40 87 90
40 89 116
40 90 312
40 91 305
40 92 143
40 95 133
40 96 489
40 97 297
40 98 167
40 99 187
41 43 43
41 44 294
41 45 405
41 46 290
41 49 480
41 50 481
41 51 180
41 52 308
41 54 52
41 57 19
41 62 105
41 65 364
41 68 479
41 71 324
41 72 287
41 74 358
41 75 165
41 76 112
41 77 100
41 80 207
41 81 82
41 83 462
41 84 374
41 85 444
41 88 485
41 91 428
41 93 492
41 94 481
41 96 423
41 100 112
42 43 424
42 44 178
42 47 157
42 49 173
42 51 158
42 52 211
42 54 276
42 56 440
42 57 315
42 58 476
42 59 455
42 62 211
42 64 135
42 66 140
42 68 297
42 69 170
42 73 110
42 74 317
42 75 404
42 76 369
42 79 412
42 80 279
42 81 481
42 82 109
42 83 402
42 84 405
42 85 317
42 86 116
42 87 171
42 88 150
42 90 37
42 91 85
42 92 122
42 94 119
42 95 272
42 97 328
42 99 96
42 100 288
43 46 316
43 47 471
43 48 125
43 50 53
43 51 340
43 53 202
43 55 430
43 56 22
43 58 108
43 60 286
43 61 46
43 62 233
43 66 68
43 68 470
43 69 362
43 70 159
43 71 111
43 76 52
43 77 447
43 79 374
43 82 390
43 85 75
43 86 69
43 87 41
43 89 413
43 90 412
43 92 300
43 93 159
43 94 353
43 95 108
43 96 494
43 98 368
43 99 499
43 100 239
44 47 237
44 51 430
44 52 324
44 53 359
44 55 206
44 60 119
44 62 166
44 64 437
44 65 395
44 66 329
44 68 345
44 69 121
44 71 281
44 72 228
44 73 73
44 76 11
44 77 17
44 79 412
44 81 79
44 82 7
44 84 401
44 86 348
44 87 351
44 90 45
44 91 34
44 92 264
44 93 85
44 94 92
44 95 170
44 97 463
44 100 66
45 48 127
45 49 281
45 50 401
45 51 156
45 53 234
45 56 379
45 58 421
45 61 60
45 63 439
45 64 169
45 69 54
45 71 355
45 74 156
45 76 414
45 77 7
45 78 324
45 79 491
45 81 27
45 82 269
45 84 462
45 85 273
45 86 211
45 87 499
45 88 333
45 93 435
45 94 466
45 95 78
45 96 106
45 97 229
45 98 117
45 100 40
46 47 406
46 48 89
46 49 49
46 52 43
46 56 6
46 57 54
46 59 20
46 61 178
46 62 172
46 64 184
46 65 163
46 66 20
46 68 425
46 71 337
46 72 139
46 74 19
46 75 138
46 76 280
46 77 92
46 79 111
46 80 320
46 82 88
46 83 484
46 84 485
46 85 8
46 87 295
46 89 409
46 93 94
46 97 303
46 100 111
47 48 258
47 49 105
47 50 480
47 51 151
47 53 158
47 55 230
47 56 12
47 60 424
47 61 67
47 64 281
47 65 159
47 66 421
47 68 196
47 70 181
47 71 134
47 74 470
47 75 142
47 77 111
47 81 75
47 82 376
47 83 77
47 85 358
47 87 447
47 89 474
47 91 127
47 92 263
47 94 290
47 95 131
48 49 108
48 50 316
48 52 469
48 54 212
48 56 486
48 57 338
48 58 475
48 59 88
48 60 209
48 61 472
48 63 103
48 64 317
48 65 82
48 70 148
48 75 266
48 78 489
48 80 213
48 81 428
48 84 475
48 86 409
48 90 140
48 91 121
48 92 434
48 94 31
48 95 499
48 96 294
48 98 62
48 100 289
49 51 160
49 56 410
49 59 131
49 60 58
49 61 316
49 62 415
49 63 471
49 64 59
49 68 486
49 70 169
49 72 191
49 73 342
49 74 69
49 76 403
49 79 444
49 80 106
49 81 220
49 82 67
49 84 125
49 85 409
49 86 7
49 88 122
49 92 239
49 94 86
49 95 104
49 96 381
50 54 429
50 55 431
50 56 273
50 57 346
50 58 488
50 59 69
50 62 110
50 64 349
50 65 280
50 72 86
50 73 208
50 74 36
50 75 156
50 76 160
50 77 406
50 78 475
50 80 111
50 82 220
50 83 88
50 84 360
50 85 58
50 89 76
50 92 226
50 98 204
50 99 233
51 52 208
51 53 350
51 57 445
51 58 162
51 59 117
51 60 323
51 63 220
51 64 243
51 66 333
51 67 454
51 68 306
51 71 351
51 72 338
51 73 267
51 74 171
51 75 363
51 76 258
51 78 341
51 80 441
51 85 63
51 86 61
51 87 5
51 92 5
51 94 49
51 96 360
51 98 118
51 99 385
52 53 85
52 57 137
52 60 271
52 62 285
52 63 130
52 65 411
52 66 351
52 67 216
52 69 325
52 70 215
52 75 351
52 76 15
52 77 66
52 78 408
52 79 273
52 81 336
52 83 38
52 84 297
52 85 135
52 86 1
52 87 354
52 89 69
52 90 190
52 91 145
52 92 148
52 93 402
52 96 182
52 100 291
53 55 107
53 59 104
53 61 235
53 62 180
53 64 369
53 66 257
53 67 470
53 68 300
53 69 65
53 76 122
53 77 374
53 81 254
53 83 25
53 84 167
53 85 170
53 86 173
53 88 143
53 91 427
53 95 229
53 96 131
53 97 285
54 55 170
54 58 425
54 59 199
54 63 278
54 64 316
54 65 293
54 66 294
54 67 107
54 68 35
54 69 23
54 71 430
54 73 212
54 78 432
54 82 435
54 83 185
54 85 331
54 86 315
54 88 422
54 90 31
54 91 108
54 93 54
54 95 318
54 100 273
55 58 267
55 62 9
55 64 189
55 65 222
55 67 31
55 69 260
55 70 49
55 72 144
55 73 187
55 74 469
55 75 223
55 78 345
55 81 151
55 82 483
55 84 26
55 85 435
55 86 203
55 88 240
55 91 11
55 92 84
55 94 53
55 96 353
55 97 485
55 98 443
56 57 449
56 58 54
56 60 419
56 62 132
56 63 52
56 64 332
56 65 283
56 66 87
56 67 280
56 69 363
56 70 323
56 71 166
56 73 299
56 74 298
56 76 248
56 77 120
56 78 277
56 80 126
56 81 395
56 84 245
56 86 302
56 87 344
56 90 136
56 91 315
56 92 426
56 95 16
56 96 179
56 97 240
56 98 451
56 100 399
57 62 235
57 63 413
57 64 133
57 65 309
57 67 344
57 68 437
57 69 229
57 70 341
57 72 356
57 73 175
57 76 221
57 77 320
57 81 40
57 83 328
57 85 460
57 87 37
57 89 174
57 90 428
57 92 47
57 95 374
57 97 381
57 98 170
57 99 370
57 100 306
58 59 459
58 62 174
58 63 116
58 65 177
58 66 249
58 67 376
58 70 476
58 71 102
58 74 231
58 78 64
58 79 125
58 85 280
58 87 456
58 91 22
58 92 252
58 93 60
58 94 125
58 97 181
58 98 293
58 100 259
59 63 262
59 64 342
59 67 275
59 68 397
59 69 67
59 70 17
59 71 194
59 72 227
59 73 60
59 74 451
59 76 244
59 77 494
59 78 192
59 79 273
59 80 351
59 82 41
59 85 173
59 87 225
59 89 187
59 90 223
59 91 308
59 92 57
59 94 393
59 97 472
59 98 230
59 99 210
60 61 340
60 62 338
60 63 467
60 64 403
60 73 309
60 75 143
60 79 5
60 81 211
60 84 151
60 89 73
60 90 151
60 91 427
60 92 276
60 93 456
60 94 121
60 97 458
60 98 77
60 99 245
61 65 376
61 69 14
61 71 299
61 72 415
61 73 343
61 74 315
61 75 359
61 78 475
61 80 329
61 81 43
61 85 43
61 88 342
61 89 424
61 91 1
61 93 281
61 94 156
61 97 86
61 98 72
61 99 392
61 100 168
62 63 411
62 64 247
62 65 119
62 66 340
62 67 254
62 69 455
62 70 465
62 73 15
62 74 85
62 78 223
62 80 392
62 84 109
62 85 470
62 86 155
62 88 409
62 89 374
62 90 203
62 91 375
62 94 245
62 95 331
62 96 285
62 98 10
63 72 54
63 73 438
63 74 373
63 76 490
63 79 398
63 81 230
63 83 311
63 85 482
63 88 439
63 90 171
63 91 424
63 97 289
63 98 249
64 66 385
64 70 220
64 71 197
64 72 407
64 73 415
64 80 22
64 81 355
64 82 68
64 83 33
64 87 186
64 88 452
64 90 338
64 91 209
64 92 450
64 93 269
64 94 252
64 95 164
64 96 447
64 97 224
64 98 285
65 66 277
65 69 112
65 74 472
65 75 19
65 77 247
65 81 82
65 82 438
65 83 440
65 84 275
65 85 295
65 86 132
65 87 202
65 89 313
65 90 498
65 91 453
65 92 218
65 93 458
65 95 482
65 96 495
65 99 203
66 68 286
66 69 145
66 71 54
66 72 386
66 74 477
66 75 397
66 76 121
66 80 117
66 81 332
66 85 171
66 86 9
66 94 138
66 95 265
66 97 155
66 98 91
66 100 355
67 69 269
67 71 312
67 72 474
67 75 488
67 77 172
67 81 6
67 86 401
67 87 304
67 88 81
67 89 415
67 92 180
67 93 150
67 94 79
67 95 398
67 97 252
68 72 132
68 73 477
68 81 393
68 82 94
68 83 461
68 85 317
68 86 296
68 87 411
68 88 122
68 92 202
68 95 484
68 99 15
69 70 162
69 72 33
69 74 154
69 78 403
69 84 446
69 85 293
69 86 309
69 87 78
69 90 234
69 94 429
69 96 475
69 97 400
69 98 214
69 99 486
70 72 218
70 74 3
70 77 312
70 80 32
70 82 102
70 83 230
70 84 381
70 89 289
70 92 213
70 96 133
70 100 288
71 76 118
71 78 126
71 81 390
71 83 68
71 87 372
71 92 317
71 93 22
71 95 275
71 96 21
71 97 475
72 74 249
72 76 50
72 77 447
72 81 315
72 83 229
72 84 387
72 88 216
72 89 418
72 91 172
72 92 443
72 97 366
72 98 67
72 99 483
73 75 341
73 76 340
73 77 60
73 78 89
73 82 153
73 87 120
73 89 407
73 90 431
73 92 297
73 93 327
73 98 345
73 100 74
74 76 134
74 79 358
74 80 166
74 82 25
74 83 324
74 84 192
74 85 75
74 86 120
74 90 86
74 91 477
74 95 89
74 98 80
74 100 3
75 76 402
75 79 254
75 85 488
75 86 253
75 87 351
75 91 95
75 95 130
75 96 100
75 98 55
76 78 100
76 79 11
76 82 300
76 83 289
76 85 418
76 91 70
76 93 199
76 99 225
76 100 40
77 79 50
77 81 128
77 83 410
77 84 195
77 85 21
77 86 60
77 87 145
77 90 188
77 93 89
77 95 259
77 96 347
77 97 218
77 98 242
77 100 125
78 79 415
78 81 456
78 83 105
78 85 165
78 90 300
78 99 398
78 100 482
79 80 154
79 84 173
79 86 308
79 89 43
79 90 42
79 92 38
79 93 123
79 94 126
79 95 262
79 96 4
79 100 356
80 81 106
80 82 108
80 84 455
80 88 54
80 89 203
80 90 352
80 92 313
80 95 16
80 97 278
80 99 11
81 83 180
81 84 303
81 86 7
81 88 161
81 89 432
81 90 186
81 93 340
81 94 246
81 96 261
81 100 463
82 86 76
82 92 457
82 94 168
82 95 186
82 96 49
82 97 219
82 98 267
82 99 362
83 87 100
83 88 356
83 89 470
83 93 184
83 95 418
83 96 395
83 97 345
83 100 379
84 85 170
84 86 29
84 87 450
84 88 445
84 89 212
84 96 286
84 98 192
84 99 266
84 100 373
85 86 490
85 87 149
85 95 165
85 99 351
86 89 114
86 90 413
86 92 169
86 94 166
86 96 190
86 97 50
86 98 169
87 88 246
87 89 194
87 91 57
87 92 289
87 94 66
87 97 358
87 98 88
87 99 414
88 91 347
88 93 462
88 94 394
88 96 417
88 98 201
89 92 337
89 96 309
89 97 271
89 99 184
90 96 84
90 99 445
91 92 378
91 94 447
91 95 244
91 96 319
91 97 198
91 100 335
92 94 131
92 96 340
92 100 177
93 94 434
93 97 326
93 98 361
93 100 12
94 95 77
94 96 67
94 100 226
95 97 356
95 98 391
96 97 178
96 98 3
96 99 81
96 100 209
97 99 471
97 100 247
98 99 474
99 100 7
