100 2553
1 2 117
1 4 479
1 5 140
1 6 122
1 7 66
1 8 4
1 9 475
1 11 317
1 12 127
1 13 46
1 14 270
1 15 7
1 22 174
1 24 324
1 25 54
1 26 59
1 28 136
1 30 47
1 31 123
1 32 419
1 35 390
1 38 405
1 39 320
1 43 428
1 44 119
1 49 165
1 50 93
1 51 214
1 54 390
1 55 402
1 57 301
1 58 376
1 60 196
1 61 431
1 63 137
1 64 221
1 69 69
1 73 54
1 79 383
1 82 343
1 83 142
1 93 486
1 96 444
1 97 144
1 99 475
2 3 210
2 4 149
2 10 308
2 11 495
2 12 345
2 15 126
2 16 234
2 18 224
2 23 125
2 24 306
2 25 338
2 26 180
2 28 486
2 30 440
2 31 404
2 34 87
2 37 127
2 38 93
2 40 328
2 41 95
2 42 381
2 44 213
2 45 73
2 47 410
2 51 303
2 53 207
2 54 32
2 55 69
2 56 13
2 58 168
2 59 15
2 60 278
2 61 21
2 63 233
2 64 86
2 66 273
2 67 214
2 69 17
2 74 188
2 78 189
2 79 492
2 81 284
2 82 440
2 83 359
2 84 229
2 85 17
2 88 365
2 89 237
2 91 253
2 92 435
2 95 497
2 96 38
2 97 448
2 98 175
2 100 14
3 4 30
3 5 87
3 6 463
3 7 350
3 9 493
3 11 83
3 12 392
3 13 460
3 14 311
3 17 138
3 18 228
3 19 312
3 21 116
3 23 167
3 25 253
3 27 133
3 31 96
3 33 121
3 34 368
3 35 45
3 37 242
3 39 469
3 40 319
3 41 357
3 42 9
3 45 332
3 47 242
3 48 265
3 50 138
3 52 258
3 54 338
3 55 374
3 56 413
3 61 189
3 62 254
3 63 401
3 64 342
3 65 113
3 66 285
3 68 200
3 70 114
3 71 476
3 73 325
3 79 67
3 80 14
3 84 180
3 85 133
3 86 197
3 87 396
3 88 54
3 90 79
3 92 55
3 93 203
3 94 400
3 95 376
3 100 21
4 5 96
4 6 130
4 8 40
4 11 59
4 17 358
4 19 338
4 21 305
4 22 492
4 23 405
4 24 427
4 30 250
4 31 238
4 32 323
4 34 55
4 35 42
4 37 177
4 38 439
4 39 307
4 44 165
4 46 367
4 47 158
4 49 10
4 50 98
4 51 369
4 52 99
4 54 381
4 55 395
4 57 180
4 58 394
4 59 153
4 60 468
4 61 199
4 63 333
4 64 50
4 65 74
4 66 245
4 67 278
4 68 321
4 73 50
4 74 196
4 75 420
4 76 401
4 80 17
4 81 204
4 88 65
4 89 371
4 91 228
4 92 186
4 93 130
4 94 298
4 95 234
4 99 481
4 100 364
5 7 345
5 8 251
5 9 37
5 11 130
5 12 497
5 13 439
5 14 7
5 16 467
5 18 265
5 21 41
5 22 252
5 23 418
5 24 19
5 26 8
5 28 45
5 29 30
5 30 415
5 31 230
5 34 207
5 39 273
5 40 282
5 43 113
5 44 426
5 47 416
5 48 44
5 50 73
5 51 123
5 52 419
5 57 412
5 58 175
5 59 255
5 60 216
5 61 289
5 62 236
5 64 145
5 65 395
5 68 77
5 71 297
5 75 172
5 77 361
5 79 295
5 80 19
5 81 425
5 83 162
5 84 267
5 85 2
5 86 422
5 88 277
5 91 161
5 93 488
5 95 332
5 96 371
5 98 443
5 99 47
6 7 454
6 8 69
6 9 324
6 12 243
6 13 88
6 15 278
6 17 142
6 19 302
6 20 97
6 26 335
6 33 475
6 37 271
6 39 326
6 40 234
6 41 69
6 42 47
6 45 426
6 46 69
6 47 6
6 49 203
6 53 452
6 55 135
6 56 10
6 57 487
6 58 9
6 59 370
6 60 55
6 61 299
6 63 177
6 65 392
6 68 40
6 70 21
6 71 301
6 72 456
6 73 93
6 74 165
6 76 126
6 78 134
6 80 165
6 81 211
6 82 36
6 83 431
6 85 191
6 86 69
6 88 366
6 90 74
6 92 443
6 93 153
6 95 278
6 96 323
6 97 140
7 8 317
7 11 5
7 13 383
7 14 401
7 17 220
7 19 430
7 21 83
7 22 457
7 23 22
7 25 161
7 27 147
7 28 337
7 30 446
7 31 77
7 32 3
7 34 476
7 35 152
7 39 252
7 50 221
7 55 96
7 56 428
7 62 444
7 63 119
7 66 202
7 67 192
7 68 495
7 69 19
7 71 71
7 75 383
7 77 425
7 78 9
7 79 270
7 83 232
7 84 22
7 85 343
7 91 358
7 93 403
7 98 102
7 99 491
7 100 407
8 10 204
8 15 324
8 16 146
8 17 297
8 20 224
8 22 82
8 23 142
8 27 358
8 30 223
8 32 125
8 33 9
8 36 414
8 37 338
8 38 358
8 40 194
8 43 257
8 45 297
8 48 278
8 49 124
8 50 447
8 52 72
8 53 233
8 54 422
8 56 261
8 58 120
8 59 371
8 60 334
8 67 95
8 68 149
8 77 389
8 79 89
8 80 406
8 81 393
8 82 469
8 83 282
8 84 163
8 85 224
8 89 222
8 90 103
8 94 336
8 95 1
8 100 389
9 11 60
9 13 389
9 14 449
9 15 345
9 16 83
9 17 499
9 18 63
9 20 289
9 21 345
9 24 95
9 25 256
9 26 111
9 27 22
9 28 138
9 30 28
9 32 476
9 33 172
9 34 436
9 35 426
9 36 102
9 37 352
9 38 148
9 42 48
9 44 378
9 46 488
9 48 64
9 50 235
9 54 219
9 56 155
9 58 423
9 60 71
9 61 75
9 62 83
9 63 215
9 64 278
9 68 466
9 69 157
9 70 453
9 71 320
9 78 192
9 79 379
9 81 302
9 82 168
9 84 243
9 85 193
9 87 420
9 88 265
9 91 19
9 92 215
9 94 300
9 95 268
9 96 479
9 98 171
9 99 124
10 11 163
10 13 252
10 16 31
10 17 486
10 20 203
10 21 499
10 23 214
10 24 35
10 25 201
10 26 318
10 27 354
10 30 476
10 31 57
10 32 99
10 33 266
10 35 114
10 36 380
10 38 84
10 40 305
10 41 347
10 43 139
10 45 234
10 53 243
10 56 337
10 58 166
10 59 119
10 60 247
10 62 329
10 64 91
10 66 276
10 67 208
10 70 23
10 75 468
10 76 207
10 80 350
10 81 49
10 82 496
10 84 484
10 86 279
10 88 459
10 90 157
10 92 86
10 93 317
10 94 387
10 96 372
10 97 390
10 98 171
10 99 36
11 12 67
11 13 310
11 14 95
11 15 75
11 17 366
11 19 365
11 21 431
11 22 329
11 24 186
11 25 112
11 31 20
11 37 162
11 38 172
11 39 453
11 40 44
11 42 10
11 43 252
11 45 79
11 46 42
11 50 249
11 51 482
11 53 113
11 56 422
11 57 460
11 59 132
11 61 317
11 62 111
11 63 424
11 64 143
11 66 498
11 68 465
11 69 242
11 71 17
11 72 382
11 76 272
11 77 77
11 78 207
11 79 403
11 84 205
11 87 332
11 88 310
11 89 36
11 90 96
11 91 69
11 92 32
11 93 118
11 95 167
11 98 428
11 99 458
11 100 22
12 13 144
12 19 307
12 20 440
12 21 469
12 23 38
12 25 455
12 26 448
12 27 473
12 28 407
12 29 98
12 30 486
12 31 141
12 33 449
12 34 5
12 36 369
12 38 309
12 40 344
12 43 308
12 46 94
12 48 1
12 51 326
12 58 351
12 60 245
12 62 259
12 64 43
12 66 351
12 67 384
12 68 251
12 69 365
12 70 91
12 71 425
12 75 113
12 77 325
12 78 432
12 80 20
12 81 136
12 82 367
12 85 306
12 86 75
12 87 300
12 88 180
12 89 333
12 91 276
12 94 152
12 95 291
12 96 476
12 98 186
12 99 110
12 100 155
13 16 200
13 17 489
13 18 413
13 20 371
13 23 82
13 24 46
13 26 474
13 27 452
13 29 130
13 32 50
13 34 255
13 35 49
13 36 144
13 37 8
13 39 199
13 40 339
13 41 140
13 43 498
13 46 209
13 47 300
13 49 164
13 50 49
13 52 352
13 53 462
13 54 465
13 56 106
13 58 17
13 61 131
13 63 331
13 65 169
13 67 377
13 68 480
13 70 27
13 72 231
13 73 105
13 74 194
13 76 95
13 79 228
13 84 356
13 85 329
13 86 343
13 89 152
13 90 442
13 92 334
13 93 6
13 94 90
13 95 344
13 98 357
13 100 147
14 17 58
14 18 13
14 19 160
14 20 126
14 21 116
14 22 495
14 24 437
14 25 313
14 26 187
14 28 210
14 33 144
14 34 158
14 35 204
14 42 214
14 44 329
14 47 171
14 50 268
14 53 116
14 56 74
14 57 5
14 58 248
14 64 484
14 68 168
14 72 220
14 77 397
14 78 491
14 79 459
14 82 61
14 83 378
14 84 188
14 86 449
14 87 451
14 88 307
14 89 278
14 93 102
14 96 430
14 97 48
14 99 317
15 16 130
15 17 343
15 22 249
15 23 278
15 24 348
15 26 398
15 27 22
15 28 377
15 32 402
15 33 318
15 34 60
15 36 186
15 37 174
15 40 477
15 41 401
15 43 298
15 44 20
15 45 137
15 46 444
15 48 254
15 49 147
15 50 348
15 51 46
15 53 370
15 58 125
15 61 336
15 62 189
15 64 485
15 67 56
15 68 350
15 69 39
15 74 18
15 77 216
15 78 208
15 80 144
15 81 156
15 82 137
15 83 169
15 84 107
15 88 296
15 89 200
15 93 57
15 94 70
15 95 160
15 96 142
15 97 192
15 99 335
16 23 318
16 24 59
16 25 198
16 28 203
16 29 140
16 30 131
16 31 462
16 32 193
16 34 163
16 35 288
16 36 467
16 41 236
16 45 210
16 48 200
16 51 438
16 54 351
16 60 234
16 65 62
16 66 334
16 70 416
16 71 2
16 72 281
16 73 455
16 80 421
16 81 52
16 82 47
16 83 247
16 85 203
16 86 261
16 87 153
16 88 159
16 92 487
16 93 266
16 95 498
16 96 132
16 97 218
17 21 272
17 22 231
17 23 382
17 24 293
17 25 364
17 28 491
17 30 256
17 34 270
17 36 487
17 37 427
17 39 152
17 40 245
17 41 64
17 42 175
17 43 22
17 44 257
17 49 495
17 52 321
17 53 467
17 54 363
17 55 356
17 56 187
17 58 117
17 60 40
17 62 215
17 67 433
17 68 20
17 69 170
17 72 174
17 73 434
17 74 390
17 76 151
17 79 11
17 81 308
17 82 49
17 83 470
17 84 30
17 87 407
17 88 342
17 89 385
17 90 317
17 92 30
17 93 124
17 94 497
17 98 333
17 100 141
18 21 190
18 27 250
18 33 480
18 34 207
18 35 58
18 39 100
18 40 495
18 41 353
18 42 99
18 43 497
18 44 405
18 48 426
18 51 64
18 52 387
18 53 490
18 55 474
18 58 405
18 59 227
18 60 83
18 61 58
18 65 120
18 66 262
18 67 448
18 68 476
18 69 107
18 70 73
18 72 63
18 73 232
18 78 146
18 79 299
18 80 497
18 83 163
18 84 188
18 85 109
18 86 355
18 88 321
18 89 338
18 90 417
18 93 473
18 94 228
18 97 60
18 99 334
19 21 173
19 22 320
19 24 428
19 26 52
19 28 429
19 29 289
19 32 342
19 34 70
19 38 123
19 39 439
19 40 107
19 41 153
19 42 113
19 44 473
19 45 75
19 46 420
19 47 372
19 53 114
19 55 270
19 56 115
19 60 493
19 61 435
19 63 48
19 64 408
19 66 482
19 71 495
19 72 379
19 73 174
19 77 448
19 78 414
19 79 186
19 81 399
19 82 360
19 83 448
19 86 358
19 87 214
19 90 136
19 91 293
19 92 362
19 93 215
19 94 285
19 97 196
19 98 466
20 22 483
20 23 330
20 27 99
20 30 134
20 32 126
20 33 266
20 36 318
20 37 245
20 38 243
20 39 240
20 42 44
20 43 419
20 44 353
20 45 316
20 46 64
20 49 365
20 50 307
20 51 386
20 53 152
20 54 487
20 57 204
20 60 133
20 63 389
20 65 167
20 66 188
20 67 424
20 72 480
20 74 145
20 75 90
20 76 161
20 77 33
20 78 77
20 81 203
20 82 409
20 84 195
20 86 382
20 88 410
20 100 406
21 23 482
21 24 10
21 25 376
21 26 211
21 27 404
21 28 6
21 29 65
21 30 215
21 33 363
21 34 499
21 35 423
21 36 426
21 38 338
21 40 381
21 41 227
21 44 166
21 50 281
21 51 179
21 53 431
21 54 219
21 55 284
21 57 484
21 63 348
21 64 481
21 65 306
21 66 33
21 72 119
21 76 355
21 77 151
21 78 240
21 79 124
21 82 19
21 88 345
21 90 176
21 91 402
21 92 208
21 95 405
21 97 23
21 99 267
22 23 8
22 27 113
22 31 474
22 32 20
22 33 210
22 34 273
22 36 429
22 39 288
22 40 4
22 42 49
22 43 261
22 46 129
22 47 403
22 52 98
22 53 457
22 54 420
22 57 214
22 59 195
22 61 475
22 63 24
22 65 259
22 66 356
22 68 262
22 70 37
22 71 386
22 73 483
22 75 68
22 78 265
22 81 164
22 82 16
22 83 233
22 84 440
22 86 297
22 87 424
22 88 159
22 90 313
22 93 409
22 94 354
22 95 432
22 96 409
23 29 351
23 30 495
23 32 200
23 33 175
23 34 120
23 37 162
23 38 85
23 39 165
23 41 20
23 47 66
23 48 240
23 49 230
23 51 390
23 52 454
23 54 372
23 56 269
23 57 411
23 60 454
23 61 13
23 63 284
23 66 218
23 67 23
23 68 218
23 69 326
23 71 56
23 73 224
23 75 492
23 76 487
23 78 257
23 79 317
23 82 197
23 84 481
23 85 466
23 88 369
23 91 240
23 92 362
23 93 465
23 95 235
23 97 225
23 99 447
24 26 276
24 27 263
24 28 122
24 30 468
24 32 337
24 33 322
24 34 368
24 35 108
24 40 68
24 42 184
24 46 109
24 47 299
24 48 258
24 49 156
24 50 166
24 51 447
24 55 178
24 57 224
24 58 488
24 59 233
24 62 17
24 67 83
24 68 77
24 69 338
24 70 109
24 71 429
24 72 413
24 73 55
24 76 179
24 77 212
24 79 477
24 81 310
24 83 326
24 84 162
24 85 216
24 86 98
24 87 167
24 88 290
24 96 252
24 97 138
24 100 218
25 27 28
25 28 47
25 30 208
25 36 236
25 37 195
25 39 340
25 40 147
25 41 62
25 43 199
25 44 90
25 45 136
25 46 98
25 48 144
25 49 291
25 50 218
25 51 426
25 52 74
25 53 253
25 54 140
25 56 257
25 60 59
25 62 476
25 63 128
25 64 199
25 65 52
25 66 41
25 68 124
25 69 275
25 71 201
25 72 471
25 74 178
25 78 50
25 83 98
25 84 72
25 85 83
25 87 59
25 89 380
25 91 270
25 92 290
25 94 425
25 95 327
25 97 167
25 98 285
25 99 49
25 100 378
26 27 435
26 30 182
26 31 484
26 35 443
26 39 389
26 41 306
26 46 462
26 47 279
26 53 21
26 55 5
26 56 332
26 59 185
26 60 421
26 65 128
26 66 31
26 68 492
26 71 164
26 72 291
26 73 335
26 76 94
26 78 131
26 79 260
26 82 216
26 83 209
26 85 114
26 86 252
26 87 202
26 88 485
26 89 58
26 91 126
26 95 221
26 99 13
26 100 309
27 29 26
27 34 203
27 35 364
27 36 364
27 37 278
27 40 325
27 41 79
27 43 300
27 44 116
27 45 175
27 46 249
27 47 184
27 48 287
27 49 362
27 55 11
27 57 66
27 59 76
27 61 155
27 62 69
27 63 261
27 65 213
27 69 215
27 71 78
27 74 269
27 75 491
27 79 21
27 84 86
27 85 360
27 89 105
27 90 311
27 91 353
27 93 430
27 94 326
27 95 445
27 97 399
28 29 14
28 38 50
28 41 50
28 43 204
28 44 323
28 45 329
28 46 238
28 47 227
28 50 33
28 51 451
28 52 133
28 53 23
28 56 237
28 57 379
28 58 103
28 61 373
28 62 461
28 63 232
28 65 192
28 67 174
28 69 178
28 70 56
28 77 441
28 79 494
28 82 313
28 83 84
28 88 106
28 89 189
28 90 403
28 91 235
28 92 359
28 96 98
28 97 397
28 98 46
28 100 313
29 30 129
29 32 489
29 33 254
29 34 463
29 36 205
29 38 109
29 41 456
29 42 149
29 43 90
29 45 264
29 48 94
29 49 239
29 51 374
29 53 405
29 55 11
29 56 431
29 57 73
29 59 181
29 63 31
29 64 419
29 67 161
29 68 350
29 71 235
29 72 108
29 73 411
29 74 468
29 75 292
29 80 160
29 85 303
29 87 222
29 88 56
29 90 388
29 93 363
29 95 52
29 99 308
29 100 153
30 32 91
30 36 383
30 40 51
30 41 147
30 47 217
30 52 73
30 59 281
30 61 441
30 62 477
30 63 478
30 64 163
30 65 242
30 66 260
30 67 139
30 69 244
30 70 56
30 71 56
30 72 395
30 73 407
30 74 62
30 76 342
30 77 67
30 79 44
30 81 126
30 86 208
30 88 265
30 89 85
30 90 96
30 92 490
30 95 109
30 96 266
30 98 333
30 99 196
30 100 14
31 33 179
31 34 425
31 35 499
31 36 320
31 37 357
31 38 452
31 41 160
31 42 52
31 44 239
31 47 491
31 48 76
31 49 229
31 52 324
31 55 238
31 56 359
31 57 4
31 61 427
31 62 277
31 63 211
31 65 436
31 66 198
31 67 475
31 69 481
31 72 146
31 73 421
31 74 390
31 79 194
31 80 275
31 82 52
31 84 154
31 86 467
31 87 385
31 92 255
31 94 408
31 95 204
31 97 68
31 98 373
31 100 345
32 33 261
32 35 415
32 39 264
32 40 345
32 41 472
32 43 66
32 44 323
32 47 25
32 50 376
32 51 449
32 52 231
32 56 461
32 58 408
32 61 389
32 63 93
32 64 135
32 65 252
32 69 497
32 72 301
32 73 378
32 74 234
32 75 298
32 76 350
32 77 478
32 78 102
32 80 10
32 81 4
32 82 322
32 88 152
32 91 406
32 92 188
32 93 99
32 94 235
32 96 85
33 34 50
33 35 249
33 36 276
33 37 21
33 42 182
33 43 135
33 44 264
33 48 415
33 49 427
33 54 157
33 56 359
33 57 434
33 59 233
33 61 263
33 62 217
33 64 129
33 66 61
33 70 74
33 72 418
33 73 90
33 76 301
33 77 60
33 78 20
33 80 468
33 85 322
33 86 95
33 87 336
33 89 16
33 93 404
33 97 276
33 98 27
34 38 335
34 39 300
34 40 82
34 41 128
34 42 253
34 43 32
34 44 122
34 45 257
34 46 102
34 49 216
34 50 279
34 51 225
34 52 458
34 55 446
34 56 342
34 57 359
34 66 237
34 67 451
34 70 122
34 71 492
34 73 494
34 77 432
34 78 318
34 81 193
34 82 394
34 85 207
34 88 361
34 89 60
34 90 306
34 92 76
34 95 337
34 96 197
34 98 271
35 37 251
35 41 426
35 42 443
35 44 196
35 45 304
35 53 221
35 55 295
35 56 155
35 57 256
35 59 440
35 60 430
35 62 422
35 63 377
35 65 352
35 66 254
35 67 391
35 68 27
35 69 115
35 70 97
35 71 424
35 72 333
35 73 52
35 76 100
35 77 395
35 79 326
35 80 268
35 81 255
35 86 26
35 90 208
35 93 222
35 95 333
35 96 344
36 37 194
36 40 77
36 42 404
36 43 393
36 47 311
36 48 257
36 49 447
36 52 427
36 54 38
36 56 238
36 57 417
36 58 372
36 61 127
36 63 342
36 67 133
36 70 356
36 71 372
36 73 77
36 74 277
36 76 105
36 78 299
36 81 52
36 83 363
36 88 423
36 90 240
36 92 281
36 93 254
36 94 405
36 95 129
36 96 307
36 97 205
36 98 309
36 100 496
37 38 78
37 42 483
37 43 65
37 44 33
37 45 146
37 46 289
37 48 44
37 51 185
37 52 133
37 53 3
37 54 281
37 56 56
37 57 202
37 58 137
37 60 120
37 62 304
37 63 90
37 65 378
37 66 86
37 76 480
37 78 36
37 80 234
37 81 169
37 84 294
37 86 161
37 88 40
37 90 16
37 92 318
37 93 348
37 94 241
37 95 321
37 97 221
37 98 219
38 40 199
38 43 299
38 44 11
38 45 231
38 47 48
38 48 499
38 49 158
38 52 367
38 53 218
38 55 216
38 59 322
38 62 69
38 63 282
38 64 225
38 68 193
38 73 191
38 75 378
38 77 489
38 80 345
38 81 195
38 90 45
38 91 45
38 92 295
38 94 22
38 95 323
38 98 103
39 40 383
39 41 306
39 43 194
39 44 168
39 46 428
39 47 90
39 49 434
39 50 236
39 51 385
39 52 296
39 53 29
39 54 305
39 60 269
39 62 352
39 63 41
39 64 489
39 70 240
39 74 204
39 76 11
39 77 194
39 78 430
39 81 310
39 82 277
39 83 157
39 84 416
39 85 303
39 86 314
39 87 93
39 89 332
39 90 436
39 91 42
39 93 430
39 94 473
39 96 403
39 97 269
39 98 195
39 100 293
40 41 45
40 42 266
40 43 387
40 44 324
40 45 47
40 50 224
40 51 354
40 54 55
40 57 124
40 60 247
40 61 260
40 62 413
40 64 78
40 66 113
40 67 359
40 68 389
40 69 341
40 72 321
40 73 77
40 74 472
40 75 315
40 76 378
40 77 348
40 79 385
40 81 189
40 83 350
40 88 225
40 90 393
40 91 115
40 92 159
40 94 235
40 96 374
40 97 139
40 99 486
40 100 338
41 44 61
41 45 159
41 48 246
41 49 314
41 51 1
41 52 428
41 53 354
41 56 487
41 60 141
41 62 387
41 63 257
41 64 301
41 65 100
41 68 69
41 69 312
41 71 337
41 74 269
41 77 320
41 78 255
41 79 63
41 81 203
41 82 336
41 83 310
41 87 105
41 88 20
41 89 65
41 93 262
41 94 217
41 95 265
41 96 231
41 98 373
41 99 398
42 48 104
42 49 124
42 51 420
42 54 39
42 56 301
42 58 212
42 59 176
42 60 176
42 63 313
42 64 300
42 68 391
42 70 15
42 71 374
42 73 355
42 75 238
42 76 479
42 77 72
42 78 82
42 80 35
42 81 280
42 83 295
42 86 227
42 90 251
42 91 410
42 92 295
42 95 281
42 97 335
42 98 199
42 99 456
43 45 444
43 47 240
43 48 269
43 49 151
43 51 120
43 52 486
43 54 141
43 55 481
43 57 184
43 58 450
43 60 285
43 62 257
43 65 328
43 66 188
43 68 112
43 70 40
43 72 27
43 73 391
43 74 373
43 75 214
43 77 383
43 79 333
43 81 395
43 82 209
43 85 192
43 86 269
43 88 11
43 91 308
43 92 210
43 95 279
43 96 250
43 97 215
43 99 325
43 100 151
44 46 137
44 48 403
44 50 172
44 51 128
44 52 266
44 53 297
44 54 378
44 55 186
44 57 242
44 61 494
44 64 218
44 67 292
44 69 133
44 73 167
44 75 241
44 77 25
44 78 253
44 79 9
44 81 241
44 82 314
44 86 243
44 87 159
44 88 343
44 91 180
44 93 124
44 94 212
44 95 106
44 97 371
45 46 395
45 48 209
45 49 191
45 50 233
45 51 13
45 55 190
45 56 99
45 58 222
45 62 393
45 63 99
45 68 153
45 69 487
45 70 138
45 71 370
45 72 255
45 73 94
45 74 458
45 75 489
45 76 103
45 77 56
45 85 335
45 87 114
45 89 101
45 90 352
45 93 154
45 95 319
45 97 86
45 100 292
46 47 350
46 48 82
46 49 70
46 51 323
46 52 460
46 53 333
46 54 57
46 55 1
46 56 103
46 57 123
46 60 376
46 61 171
46 64 58
46 65 261
46 66 499
46 67 426
46 68 131
46 70 92
46 73 371
46 75 142
46 77 42
46 80 137
46 82 110
46 83 393
46 85 249
46 86 431
46 92 242
46 94 57
46 95 284
46 96 91
47 49 487
47 52 175
47 55 79
47 58 71
47 63 245
47 70 211
47 72 377
47 75 31
47 77 165
47 78 260
47 79 60
47 80 389
47 81 19
47 83 282
47 84 453
47 87 4
47 88 175
47 90 347
47 92 352
47 93 201
47 96 103
47 97 154
47 98 384
47 100 291
48 49 317
48 50 267
48 51 452
48 54 21
48 56 472
48 63 448
48 65 52
48 70 21
48 72 337
48 73 115
48 74 415
48 79 87
48 82 254
48 84 10
48 86 251
48 89 1
48 93 359
48 96 175
48 98 362
48 99 456
48 100 14
49 50 107
49 52 470
49 53 338
49 54 154
49 55 27
49 56 265
49 57 192
49 59 454
49 60 191
49 63 64
49 67 436
49 68 393
49 69 417
49 71 387
49 76 184
49 79 78
49 80 397
49 81 126
49 83 191
49 85 466
49 86 296
49 88 107
49 90 301
49 91 262
49 93 425
49 97 30
49 99 384
50 51 194
50 52 315
50 54 485
50 57 118
50 58 12
50 59 113
50 61 496
50 62 158
50 65 263
50 67 109
50 68 338
50 69 230
50 70 247
50 71 139
50 74 68
50 75 83
50 77 393
50 78 16
50 79 133
50 83 416
50 91 181
50 96 157
51 59 459
51 60 259
51 61 34
51 62 348
51 65 423
51 68 278
51 72 331
51 73 172
51 74 132
51 77 422
51 79 95
51 81 353
51 82 200
51 83 171
51 84 138
51 85 321
51 88 20
51 89 422
51 91 31
51 93 42
51 99 39
52 54 398
52 56 415
52 58 53
52 62 92
52 66 349
52 67 455
52 69 174
52 70 268
52 71 209
52 73 254
52 74 390
52 75 276
52 76 345
52 79 136
52 80 190
52 81 312
52 89 342
52 90 476
52 91 200
52 92 492
52 95 496
52 97 124
52 100 443
53 55 410
53 57 467
53 61 225
53 62 360
53 63 382
53 65 82
53 66 225
53 69 239
53 70 99
53 74 39
53 75 357
53 76 58
53 77 194
53 78 23
53 80 248
53 83 74
53 84 324
53 85 291
53 86 397
53 88 136
53 90 498
53 91 8
53 93 386
53 97 74
53 100 284
54 59 322
54 60 357
54 61 449
54 62 30
54 67 56
54 70 196
54 75 238
54 76 322
54 78 450
54 79 253
54 83 341
54 84 43
54 88 121
54 89 199
54 93 195
54 94 44
54 96 281
54 97 204
54 99 432
55 61 194
55 63 418
55 65 125
55 67 278
55 69 399
55 70 190
55 74 388
55 75 251
55 76 149
55 77 302
55 79 386
55 80 296
55 82 489
55 83 161
55 84 352
55 86 407
55 87 85
55 90 401
55 91 63
55 92 287
55 93 229
55 98 91
55 100 386
56 57 275
56 58 109
56 60 461
56 61 231
56 62 159
56 65 145
56 67 484
56 68 292
56 69 115
56 72 240
56 73 91
56 75 254
56 79 279
56 81 54
56 82 291
56 83 272
56 84 318
56 85 374
56 86 178
56 89 374
56 90 21
56 95 455
56 97 22
56 98 481
56 99 406
56 100 132
57 58 417
57 60 438
57 62 313
57 64 295
57 65 130
57 66 327
57 67 321
57 68 146
57 69 239
57 72 400
57 73 294
57 75 198
57 76 393
57 81 464
57 84 217
57 86 164
57 87 359
57 88 203
57 89 379
57 94 339
57 95 39
57 97 425
57 98 195
57 99 401
58 59 365
58 60 360
58 61 164
58 64 14
58 66 494
58 68 214
58 70 246
58 73 278
58 76 98
58 77 136
58 78 151
58 80 99
58 84 406
58 85 492
58 87 264
58 90 337
58 94 129
58 95 12
58 96 334
58 97 406
58 98 384
58 99 314
59 60 242
59 61 250
59 62 17
59 63 491
59 65 255
59 66 270
59 67 484
59 68 289
59 69 106
59 70 124
59 71 468
59 72 476
59 75 326
59 77 141
59 78 481
59 80 9
59 81 371
59 83 306
59 86 409
59 90 54
59 91 176
59 94 102
59 95 366
59 96 4
59 97 68
59 98 395
59 100 403
60 67 234
60 68 354
60 69 466
60 70 3
60 71 287
60 75 472
60 77 475
60 78 176
60 79 169
60 82 289
60 83 210
60 86 208
60 87 394
60 90 174
60 91 269
60 97 91
60 98 182
60 99 479
61 62 160
61 63 161
61 65 370
61 66 454
61 67 257
61 69 374
61 70 167
61 73 63
61 74 392
61 76 99
61 77 379
61 78 304
61 79 187
61 80 295
61 82 21
61 84 70
61 85 280
61 88 477
61 89 253
61 93 296
61 97 376
61 99 181
62 64 457
62 65 348
62 66 244
62 68 321
62 70 392
62 72 113
62 73 263
62 74 409
62 75 469
62 76 48
62 82 71
62 84 49
62 86 170
62 87 155
62 92 461
62 93 218
62 94 294
62 95 185
62 97 90
62 98 169
63 65 69
63 68 343
63 70 290
63 73 87
63 77 452
63 79 24
63 80 165
63 82 254
63 84 462
63 87 351
63 88 99
63 90 58
63 92 451
63 94 389
63 97 132
63 99 84
63 100 26
64 66 190
64 67 411
64 68 168
64 70 450
64 71 126
64 73 224
64 74 318
64 76 143
64 77 154
64 78 89
64 80 287
64 84 102
64 86 331
64 87 176
64 88 105
64 89 227
64 91 29
64 94 132
64 95 10
64 97 163
64 98 414
64 99 190
64 100 42
65 66 404
65 67 287
65 69 119
65 71 395
65 73 122
65 74 278
65 76 264
65 77 59
65 78 459
65 81 442
65 83 133
65 85 318
65 88 111
65 92 395
65 93 257
65 94 178
66 67 132
66 68 350
66 69 492
66 70 233
66 71 33
66 73 73
66 74 324
66 75 109
66 76 495
66 78 114
66 79 15
66 82 395
66 88 284
66 90 236
66 91 279
66 94 396
66 96 356
66 97 147
66 98 206
67 68 159
67 69 10
67 72 359
67 73 493
67 74 204
67 76 358
67 78 137
67 80 275
67 82 287
67 83 457
67 85 104
67 86 412
67 87 70
67 88 407
67 90 80
67 91 72
67 92 461
67 93 392
67 97 188
67 99 301
67 100 128
68 70 362
68 71 295
68 73 485
68 74 403
68 76 62
68 80 471
68 81 469
68 83 366
68 84 462
68 85 243
68 86 132
68 92 417
68 94 402
68 96 168
68 100 61
69 71 3
69 79 80
69 80 384
69 83 160
69 85 124
69 86 381
69 87 392
69 88 42
69 90 260
69 93 90
69 95 253
69 96 330
69 97 132
69 98 236
69 100 417
70 74 334
70 75 328
70 77 209
70 79 36
70 85 119
70 96 304
70 97 27
70 98 243
70 99 36
70 100 113
71 73 245
71 74 361
71 75 313
71 76 141
71 77 440
71 79 31
71 81 58
71 83 9
71 84 371
71 88 47
71 91 256
71 94 39
71 95 414
71 97 227
72 74 201
72 75 50
72 76 71
72 77 35
72 80 47
72 82 338
72 86 421
72 87 79
72 88 75
72 90 79
72 93 317
72 96 10
72 97 85
73 74 164
73 75 469
73 76 188
73 83 104
73 84 376
73 86 81
73 87 271
73 88 217
73 89 411
73 90 225
73 91 348
73 93 477
73 94 426
73 95 95
73 96 226
73 99 83
74 75 186
74 77 1
74 79 258
74 80 299
74 81 363
74 83 88
74 84 327
74 86 304
74 88 28
74 89 154
74 94 326
74 95 216
74 96 203
74 97 231
74 98 64
74 99 474
75 77 418
75 83 16
75 85 278
75 87 431
75 88 196
75 89 468
75 97 296
75 99 226
75 100 183
76 77 66
76 80 226
76 81 433
76 84 375
76 85 22
76 86 389
76 90 105
76 94 175
76 96 86
76 98 47
76 99 223
77 78 229
77 79 288
77 80 352
77 83 96
77 85 446
77 86 182
77 87 338
77 90 253
77 91 374
77 92 22
77 93 351
77 95 241
77 97 37
77 98 422
77 99 448
77 100 396
78 79 180
78 81 403
78 82 92
78 85 393
78 86 436
78 88 371
78 89 82
78 91 432
78 92 196
78 93 417
78 94 487
78 95 30
78 97 114
78 99 71
78 100 204
79 82 176
79 83 317
79 86 261
79 87 34
79 88 74
79 90 270
79 92 377
79 93 265
79 96 21
79 97 212
79 98 393
79 99 342
80 81 19
80 82 445
80 83 385
80 87 154
80 88 450
80 92 173
80 94 80
80 95 65
80 96 272
80 97 469
80 98 468
81 82 384
81 84 70
81 88 478
81 89 53
81 91 126
81 92 453
81 93 454
81 94 156
82 86 472
82 87 132
82 89 347
82 90 80
82 95 436
82 96 53
82 98 6
83 84 349
83 85 97
83 86 148
83 88 218
83 91 76
83 92 483
83 93 217
83 95 111
83 98 160
83 100 276
84 86 192
84 87 81
84 89 177
84 92 417
84 95 117
84 98 61
85 86 225
85 87 70
85 90 232
85 91 433
85 93 410
85 94 386
85 96 363
85 97 11
85 98 133
85 100 27
86 89 493
86 91 371
86 92 9
86 93 307
86 94 281
86 96 214
86 98 124
87 92 416
87 93 397
87 94 237
87 95 215
87 98 486
87 99 421
88 89 498
88 90 6
88 92 99
88 98 249
88 99 341
88 100 191
89 90 24
89 94 226
89 99 21
89 100 315
90 91 42
90 94 396
90 95 127
90 96 56
90 97 399
90 98 494
90 99 137
90 100 86
91 97 11
91 99 54
92 93 147
92 95 398
92 96 248
93 96 428
93 98 65
93 100 380
94 96 111
94 97 101
94 100 452
95 96 141
95 98 248
95 99 91
96 97 241
96 98 345
96 99 452
97 98 251
97 99 494
98 99 152
98 100 492
