100 2530
1 2 492
1 4 381
1 5 467
1 6 247
1 7 267
1 10 384
1 12 398
1 14 250
1 15 377
1 16 285
1 20 456
1 21 495
1 22 333
1 25 221
1 27 356
1 28 120
1 30 4
1 32 180
1 33 351
1 34 268
1 35 388
1 36 35
1 39 287
1 42 403
1 43 342
1 45 299
1 49 239
1 51 344
1 52 218
1 53 88
1 55 93
1 56 274
1 57 421
1 58 100
1 60 68
1 63 341
1 64 175
1 68 232
1 69 297
1 72 266
1 75 452
1 76 335
1 78 35
1 83 20
1 84 73
1 85 418
1 87 115
1 88 494
1 89 486
1 90 394
1 91 47
1 97 160
1 99 283
1 100 52
2 3 46
2 5 116
2 9 457
2 11 482
2 13 257
2 14 24
2 15 291
2 16 341
2 17 69
2 21 37
2 23 331
2 25 40
2 26 382
2 29 463
2 30 99
2 32 326
2 35 182
2 37 206
2 39 400
2 42 478
2 43 346
2 45 177
2 47 336
2 48 260
2 52 74
2 53 268
2 54 134
2 55 93
2 56 486
2 60 360
2 61 64
2 63 409
2 64 322
2 67 199
2 68 29
2 73 483
2 75 394
2 76 303
2 78 379
2 79 58
2 82 196
2 83 268
2 84 434
2 87 359
2 89 388
2 90 455
2 91 25
2 94 188
2 96 491
2 97 299
2 98 473
2 99 58
2 100 204
3 4 306
3 6 240
3 7 434
3 8 199
3 9 327
3 10 250
3 11 70
3 18 272
3 21 260
3 24 424
3 26 451
3 30 373
3 31 394
3 32 409
3 33 261
3 38 356
3 39 364
3 40 197
3 42 235
3 45 372
3 46 278
3 47 167
3 48 391
3 54 221
3 56 248
3 63 276
3 65 288
3 66 125
3 68 440
3 70 86
3 72 194
3 73 391
3 78 190
3 79 218
3 83 23
3 84 62
3 86 34
3 89 250
3 90 467
3 91 201
3 92 331
3 93 142
3 96 468
3 97 477
3 100 152
4 5 264
4 6 359
4 7 115
4 10 344
4 11 153
4 12 295
4 14 263
4 16 399
4 18 42
4 20 179
4 22 156
4 23 186
4 25 57
4 26 213
4 29 420
4 30 363
4 31 195
4 32 252
4 34 278
4 35 98
4 36 233
4 37 45
4 38 95
4 41 461
4 42 432
4 43 34
4 45 205
4 46 439
4 47 436
4 48 252
4 54 242
4 55 470
4 57 292
4 58 320
4 64 383
4 65 85
4 67 256
4 68 45
4 69 320
4 70 378
4 73 49
4 74 100
4 78 230
4 82 85
4 83 485
4 88 66
4 89 158
4 91 256
4 93 91
4 95 139
4 97 53
4 98 472
5 6 151
5 7 318
5 9 81
5 13 54
5 14 26
5 15 235
5 20 65
5 25 400
5 26 272
5 28 201
5 30 490
5 31 497
5 32 455
5 34 286
5 37 83
5 38 296
5 43 215
5 45 295
5 46 185
5 53 116
5 56 198
5 58 47
5 59 464
5 61 260
5 62 209
5 64 197
5 65 214
5 66 233
5 68 300
5 72 188
5 73 41
5 74 393
5 77 78
5 81 497
5 85 243
5 87 234
5 92 54
5 95 466
5 98 225
6 8 338
6 9 359
6 13 83
6 19 177
6 20 112
6 21 476
6 22 44
6 24 299
6 29 113
6 32 396
6 34 324
6 35 226
6 36 337
6 37 412
6 38 447
6 39 118
6 40 190
6 42 233
6 43 254
6 46 404
6 47 392
6 48 30
6 52 12
6 54 16
6 55 192
6 58 207
6 59 187
6 62 460
6 64 492
6 65 361
6 66 466
6 68 260
6 71 121
6 73 425
6 78 442
6 82 84
6 83 224
6 84 46
6 85 314
6 88 350
6 89 388
6 90 403
6 92 24
6 93 144
6 97 421
6 98 35
7 8 290
7 9 377
7 11 200
7 13 85
7 14 299
7 17 100
7 18 392
7 19 265
7 21 491
7 22 102
7 25 396
7 26 88
7 28 457
7 29 153
7 34 34
7 36 371
7 40 35
7 43 146
7 44 84
7 47 461
7 48 402
7 51 232
7 53 385
7 54 131
7 55 121
7 56 378
7 58 250
7 64 287
7 66 415
7 69 450
7 70 306
7 71 9
7 74 201
7 75 434
7 76 382
7 82 464
7 83 17
7 84 383
7 87 495
7 88 46
7 89 463
7 90 292
7 92 108
7 94 86
7 97 489
7 99 498
7 100 282
8 11 124
8 13 204
8 14 78
8 15 64
8 17 27
8 18 149
8 23 146
8 25 253
8 26 356
8 27 158
8 29 278
8 30 125
8 32 26
8 35 459
8 36 205
8 37 129
8 38 105
8 39 421
8 40 170
8 41 50
8 42 63
8 44 418
8 46 383
8 47 260
8 52 362
8 53 328
8 54 351
8 56 257
8 61 125
8 63 302
8 64 94
8 69 141
8 73 35
8 80 183
8 82 464
8 83 161
8 84 401
8 90 23
8 91 160
8 92 423
8 93 241
8 96 451
8 97 211
8 100 101
9 10 317
9 11 461
9 12 246
9 15 332
9 16 226
9 19 149
9 20 481
9 23 16
9 24 346
9 25 486
9 26 276
9 27 262
9 29 299
9 31 19
9 33 479
9 36 165
9 37 478
9 38 273
9 43 281
9 44 397
9 45 385
9 47 100
9 51 302
9 56 327
9 59 315
9 62 98
9 63 165
9 64 311
9 65 100
9 67 484
9 68 337
9 72 406
9 74 221
9 79 12
9 80 83
9 83 83
9 85 284
9 86 113
9 89 146
9 90 8
9 94 60
9 95 82
9 99 290
9 100 84
10 13 9
10 15 88
10 20 355
10 22 398
10 24 51
10 25 138
10 28 168
10 29 23
10 33 260
10 35 268
10 36 155
10 37 235
10 41 146
10 43 337
10 44 142
10 45 347
10 46 287
10 47 80
10 48 258
10 49 46
10 51 28
10 53 287
10 54 369
10 56 24
10 58 170
10 59 192
10 60 440
10 65 173
10 67 459
10 69 368
10 71 192
10 73 496
10 74 56
10 76 424
10 77 297
10 82 338
10 83 369
10 84 94
10 88 302
10 90 447
10 91 37
10 95 176
10 97 384
10 98 144
10 99 432
10 100 80
11 12 273
11 13 189
11 15 60
11 16 428
11 17 404
11 20 233
11 25 62
11 26 116
11 27 218
11 29 399
11 30 14
11 32 64
11 38 20
11 40 305
11 41 319
11 42 252
11 43 186
11 45 25
11 51 136
11 53 391
11 54 147
11 57 432
11 58 417
11 60 388
11 62 484
11 64 243
11 65 31
11 66 60
11 70 71
11 72 21
11 73 259
11 74 471
11 75 71
11 77 197
11 78 95
11 81 197
11 84 464
11 85 127
11 87 399
11 88 22
11 95 91
11 96 191
11 97 491
11 98 412
11 100 345
12 13 17
12 14 57
12 17 86
12 18 324
12 21 111
12 22 194
12 23 145
12 24 18
12 25 101
12 30 99
12 33 347
12 34 282
12 37 353
12 38 150
12 39 248
12 40 151
12 41 146
12 42 322
12 43 59
12 45 353
12 47 461
12 48 445
12 49 28
12 50 390
12 51 422
12 52 16
12 53 11
12 54 32
12 56 57
12 57 98
12 58 14
12 59 334
12 61 451
12 63 82
12 67 454
12 68 239
12 73 79
12 75 89
12 77 27
12 79 215
12 80 167
12 81 113
12 82 1
12 84 82
12 85 315
12 87 47
12 91 478
12 93 57
12 94 101
12 95 105
12 97 96
12 99 377
13 14 267
13 17 396
13 19 488
13 20 175
13 21 224
13 22 394
13 23 2
13 24 60
13 26 437
13 29 262
13 33 291
13 34 96
13 35 15
13 36 407
13 39 260
13 40 214
13 41 484
13 43 156
13 44 292
13 45 112
13 47 326
13 49 330
13 50 493
13 51 128
13 53 341
13 55 418
13 57 252
13 59 408
13 60 374
13 62 142
13 66 288
13 68 177
13 72 435
13 73 160
13 74 32
13 75 29
13 77 224
13 78 107
13 79 430
13 80 212
13 81 212
13 84 9
13 85 236
13 86 2
13 87 83
13 91 82
13 92 36
13 94 64
14 19 295
14 20 189
14 22 474
14 25 466
14 26 489
14 28 84
14 29 162
14 33 473
14 34 288
14 35 108
14 36 318
14 37 97
14 38 476
14 39 417
14 41 241
14 42 452
14 44 417
14 48 79
14 49 108
14 50 434
14 51 435
14 52 163
14 53 225
14 56 422
14 58 383
14 59 197
14 61 251
14 62 421
14 64 52
14 65 138
14 68 43
14 70 10
14 73 327
14 76 53
14 77 357
14 78 81
14 79 357
14 81 108
14 82 245
14 84 297
14 86 232
14 87 465
14 89 58
14 92 11
15 23 183
15 25 416
15 26 2
15 29 454
15 30 169
15 31 305
15 33 315
15 35 242
15 38 332
15 39 308
15 40 10
15 43 386
15 44 477
15 47 258
15 50 288
15 51 304
15 52 461
15 53 276
15 57 96
15 58 383
15 63 394
15 64 191
15 66 266
15 67 67
15 68 394
15 69 253
15 70 326
15 71 185
15 75 283
15 76 390
15 77 45
15 78 185
15 79 235
15 80 158
15 82 52
15 83 22
15 84 426
15 85 286
15 87 180
15 91 231
15 95 106
16 20 449
16 25 372
16 31 263
16 32 192
16 33 399
16 35 256
16 36 62
16 37 238
16 40 480
16 41 437
16 42 159
16 44 190
16 45 310
16 48 450
16 49 34
16 50 454
16 51 328
16 54 164
16 58 165
16 59 126
16 61 63
16 62 144
16 63 495
16 64 105
16 65 83
16 66 58
16 71 385
16 72 159
16 75 247
16 76 92
16 77 480
16 78 490
16 79 422
16 80 122
16 81 150
16 82 204
16 84 64
16 86 233
16 87 6
16 88 331
16 89 359
16 90 284
16 94 400
16 96 158
16 98 357
16 100 202
17 19 183
17 20 84
17 21 392
17 22 199
17 25 110
17 27 277
17 28 234
17 29 114
17 30 92
17 32 310
17 34 297
17 35 234
17 37 214
17 39 396
17 42 177
17 46 240
17 47 65
17 49 273
17 50 491
17 51 498
17 52 60
17 53 448
17 55 245
17 58 478
17 59 338
17 60 216
17 61 274
17 64 479
17 65 472
17 66 471
17 69 172
17 72 491
17 74 263
17 75 280
17 76 123
17 77 38
17 80 158
17 81 423
17 82 157
17 83 273
17 84 491
17 86 172
17 87 303
17 95 444
17 96 337
17 97 91
17 98 9
17 99 24
18 19 447
18 22 232
18 29 249
18 32 79
18 33 422
18 34 390
18 36 456
18 37 346
18 38 33
18 40 249
18 45 123
18 46 155
18 47 200
18 49 227
18 50 107
18 51 307
18 52 221
18 53 106
18 54 421
18 56 155
18 59 452
18 61 201
18 62 227
18 63 28
18 66 37
18 67 299
18 68 341
18 69 426
18 70 209
18 71 456
18 73 377
18 74 327
18 75 340
18 76 206
18 77 373
18 78 270
18 80 93
18 84 210
18 86 271
18 87 290
18 88 356
18 89 121
18 92 466
18 93 5
18 96 209
18 99 431
18 100 23
19 21 115
19 26 19
19 28 449
19 34 356
19 35 140
19 36 326
19 37 382
19 38 174
19 39 315
19 45 130
19 46 328
19 48 474
19 50 466
19 53 307
19 54 72
19 55 256
19 56 119
19 65 405
19 66 389
19 67 377
19 68 5
19 69 177
19 71 110
19 72 428
19 76 21
19 79 438
19 80 40
19 86 131
19 87 332
19 88 258
19 90 212
19 91 329
19 95 88
19 98 412
20 25 449
20 26 100
20 27 270
20 29 102
20 30 388
20 31 222
20 34 299
20 35 72
20 37 387
20 38 186
20 39 111
20 42 156
20 43 209
20 46 385
20 47 212
20 49 120
20 50 24
20 51 10
20 54 384
20 55 74
20 57 146
20 58 491
20 59 259
20 60 484
20 61 298
20 62 154
20 63 448
20 64 220
20 66 210
20 68 329
20 70 114
20 71 457
20 73 31
20 75 453
20 77 340
20 78 9
20 79 27
20 81 457
20 83 128
20 84 78
20 85 353
20 89 260
20 90 465
20 91 347
20 93 83
20 94 14
20 95 478
20 96 462
20 98 248
21 23 345
21 24 404
21 26 481
21 27 251
21 30 22
21 31 282
21 34 404
21 36 238
21 37 194
21 39 279
21 40 485
21 41 390
21 43 146
21 44 40
21 45 364
21 47 244
21 48 282
21 49 444
21 52 471
21 56 151
21 57 204
21 64 444
21 66 484
21 69 191
21 72 269
21 73 93
21 74 292
21 75 62
21 79 178
21 80 118
21 81 253
21 83 128
21 86 120
21 87 44
21 91 152
21 94 355
21 96 196
21 97 74
21 99 473
22 23 91
22 25 465
22 28 149
22 30 175
22 33 481
22 35 244
22 36 128
22 39 349
22 42 148
22 43 209
22 46 421
22 48 387
22 49 365
22 55 346
22 57 417
22 58 39
22 60 192
22 61 296
22 64 164
22 69 375
22 74 397
22 81 176
22 86 241
22 87 423
22 88 316
22 90 2
22 92 325
22 93 259
22 95 106
22 96 493
22 99 273
22 100 339
23 26 207
23 27 127
23 28 374
23 31 211
23 32 130
23 33 50
23 34 177
23 35 21
23 37 404
23 41 393
23 42 308
23 43 401
23 44 445
23 53 228
23 55 55
23 57 122
23 60 411
23 61 341
23 64 378
23 65 243
23 66 63
23 67 165
23 71 228
23 72 71
23 73 28
23 77 205
23 78 345
23 79 465
23 80 187
23 82 306
23 83 144
23 84 420
23 86 476
23 87 80
23 90 270
23 91 399
23 92 216
23 96 233
23 99 249
24 31 23
24 32 472
24 33 69
24 36 224
24 38 123
24 40 152
24 41 167
24 42 141
24 43 294
24 45 423
24 46 158
24 47 130
24 51 274
24 52 337
24 53 290
24 55 14
24 56 467
24 59 66
24 62 412
24 64 322
24 66 411
24 68 319
24 77 135
24 79 187
24 81 51
24 83 322
24 84 232
24 87 334
24 88 171
24 89 212
24 91 362
24 93 350
24 94 24
24 97 87
24 98 313
25 26 101
25 27 63
25 28 210
25 35 68
25 37 408
25 38 272
25 39 152
25 41 104
25 42 47
25 43 85
25 44 240
25 52 251
25 53 73
25 54 119
25 55 362
25 57 271
25 58 420
25 62 100
25 65 62
25 66 211
25 67 324
25 71 68
25 72 89
25 77 153
25 79 212
25 80 437
25 85 389
25 87 229
25 90 443
25 91 390
25 95 153
25 96 431
25 97 137
25 98 296
26 28 328
26 31 118
26 32 319
26 33 374
26 34 381
26 38 323
26 40 113
26 41 80
26 44 108
26 45 210
26 46 491
26 49 127
26 50 64
26 51 415
26 52 14
26 53 305
26 54 143
26 59 310
26 60 76
26 61 229
26 63 336
26 68 40
26 71 172
26 72 193
26 80 18
26 81 418
26 82 211
26 83 493
26 84 62
26 85 276
26 87 184
26 88 249
26 91 1
26 92 335
26 96 314
26 97 131
26 98 241
26 99 25
26 100 475
27 29 247
27 33 94
27 36 360
27 38 169
27 40 281
27 41 268
27 43 359
27 45 447
27 47 471
27 49 484
27 53 408
27 54 371
27 55 356
27 57 269
27 59 459
27 60 105
27 62 314
27 63 201
27 64 362
27 65 140
27 66 174
27 67 7
27 68 229
27 69 96
27 70 360
27 75 257
27 77 81
27 79 186
27 80 114
27 81 79
27 82 141
27 85 481
27 86 88
27 87 410
27 89 139
27 91 145
27 92 226
27 95 55
27 97 217
27 98 244
27 99 140
28 29 416
28 30 365
28 31 19
28 32 434
28 34 344
28 35 147
28 36 80
28 40 481
28 41 236
28 42 198
28 44 374
28 45 260
28 48 207
28 52 334
28 53 115
28 54 7
28 57 449
28 58 226
28 60 485
28 63 66
28 64 383
28 66 420
28 67 367
28 68 492
28 69 470
28 72 32
28 74 146
28 76 293
28 77 155
28 79 159
28 80 199
28 81 377
28 82 219
28 84 102
28 91 438
28 92 379
28 93 133
28 94 171
28 95 96
28 96 182
28 99 187
28 100 98
29 31 292
29 36 107
29 37 470
29 40 183
29 43 248
29 45 137
29 46 65
29 47 172
29 48 494
29 49 318
29 52 383
29 53 330
29 54 496
29 55 381
29 57 126
29 58 10
29 59 133
29 61 380
29 62 67
29 64 294
29 67 213
29 70 379
29 71 91
29 75 490
29 76 190
29 78 71
29 79 409
29 85 19
29 86 389
29 87 258
29 88 148
29 90 431
29 91 46
29 92 343
29 94 136
29 95 257
29 97 446
29 98 464
29 99 52
30 33 272
30 34 117
30 35 219
30 36 479
30 40 189
30 42 235
30 43 111
30 45 146
30 46 288
30 47 115
30 48 164
30 51 170
30 52 204
30 58 398
30 59 210
30 60 384
30 62 396
30 66 381
30 67 495
30 69 25
30 70 45
30 71 346
30 72 9
30 76 116
30 78 292
30 80 370
30 83 108
30 84 453
30 86 334
30 91 275
30 97 25
30 100 293
31 38 297
31 39 344
31 40 369
31 42 284
31 45 76
31 48 173
31 49 83
31 51 20
31 52 408
31 55 15
31 56 487
31 61 316
31 62 21
31 64 159
31 65 470
31 67 323
31 68 239
31 73 30
31 74 2
31 80 251
31 82 244
31 84 42
31 85 161
31 86 308
31 88 409
31 89 68
31 93 442
31 96 232
31 100 103
32 38 451
32 39 492
32 40 54
32 42 189
32 43 30
32 47 99
32 49 91
32 52 346
32 53 338
32 54 93
32 55 335
32 58 78
32 61 348
32 63 384
32 64 314
32 66 348
32 67 8
32 68 442
32 69 104
32 70 92
32 72 437
32 73 446
32 75 75
32 79 417
32 80 352
32 82 242
32 87 463
32 88 484
32 89 222
32 90 216
32 92 325
32 93 314
32 94 467
32 95 124
32 100 225
33 34 498
33 35 155
33 36 408
33 37 476
33 39 36
33 40 474
33 42 467
33 43 103
33 44 429
33 45 341
33 46 497
33 49 380
33 50 255
33 52 254
33 55 227
33 56 210
33 57 330
33 59 304
33 61 50
33 65 259
33 66 286
33 67 478
33 69 136
33 71 19
33 73 337
33 81 127
33 85 220
33 86 233
33 88 470
33 90 226
33 91 177
33 94 380
33 95 177
33 96 238
33 97 281
33 98 343
33 99 383
33 100 153
34 41 278
34 42 284
34 44 178
34 46 52
34 48 293
34 51 335
34 59 20
34 63 166
34 64 226
34 65 235
34 66 125
34 68 80
34 69 251
34 71 206
34 72 351
34 73 465
34 75 321
34 76 258
34 77 478
34 78 467
34 81 409
34 83 250
34 85 375
34 86 368
34 88 397
34 90 103
34 92 144
34 95 288
34 97 316
34 98 341
34 99 484
35 36 308
35 38 169
35 43 189
35 45 58
35 49 42
35 52 477
35 59 242
35 60 414
35 62 84
35 63 243
35 64 87
35 65 29
35 67 363
35 68 394
35 70 436
35 71 386
35 75 229
35 76 75
35 77 419
35 78 297
35 79 151
35 80 416
35 81 281
35 82 350
35 84 117
35 85 479
35 86 184
35 88 397
35 90 225
35 91 461
35 92 247
35 93 204
35 94 159
36 40 86
36 42 424
36 43 412
36 45 96
36 46 450
36 47 310
36 50 327
36 55 126
36 56 342
36 59 258
36 60 485
36 63 45
36 64 75
36 66 448
36 68 121
36 70 67
36 74 117
36 75 190
36 76 167
36 78 9
36 79 313
36 82 294
36 83 117
36 84 499
36 85 32
36 86 148
36 87 203
36 88 253
36 91 218
36 94 476
36 96 69
37 38 477
37 39 18
37 41 474
37 42 493
37 43 155
37 44 41
37 45 408
37 51 454
37 53 370
37 56 183
37 58 406
37 60 202
37 61 404
37 63 397
37 66 278
37 68 156
37 72 442
37 73 165
37 74 39
37 80 320
37 81 380
37 83 48
37 85 148
37 87 178
37 91 120
37 94 462
37 96 139
37 97 416
37 98 418
37 100 385
38 40 43
38 41 88
38 42 136
38 44 94
38 48 111
38 50 72
38 51 440
38 55 177
38 57 372
38 59 35
38 60 80
38 61 442
38 63 78
38 64 458
38 65 417
38 66 398
38 68 18
38 70 86
38 71 421
38 73 308
38 77 54
38 80 401
38 83 495
38 84 199
38 85 315
38 86 22
38 88 197
38 89 455
38 91 343
38 93 43
38 97 311
38 99 280
38 100 91
39 40 105
39 41 148
39 43 223
39 44 178
39 46 476
39 47 132
39 49 87
39 50 171
39 51 178
39 53 380
39 57 473
39 59 177
39 60 257
39 61 59
39 62 38
39 66 200
39 67 441
39 72 311
39 75 394
39 77 421
39 78 484
39 79 97
39 81 52
39 83 333
39 86 350
39 89 384
39 90 244
39 91 159
39 94 237
39 95 457
39 96 269
39 97 151
39 98 289
39 100 164
40 41 485
40 44 325
40 45 437
40 46 328
40 47 250
40 49 392
40 52 287
40 53 9
40 55 277
40 56 413
40 57 254
40 58 129
40 59 424
40 65 6
40 69 329
40 70 7
40 71 227
40 73 209
40 74 433
40 75 426
40 79 488
40 80 330
40 81 70
40 82 25
40 83 162
40 84 268
40 85 152
40 88 340
40 95 340
40 97 489
40 99 194
40 100 200
41 43 188
41 46 353
41 48 223
41 49 427
41 50 242
41 54 318
41 55 259
41 57 344
41 60 222
41 63 409
41 65 239
41 66 265
41 67 497
41 68 92
41 69 286
41 70 126
41 73 294
41 74 28
41 79 354
41 83 307
41 85 194
41 87 236
41 88 380
41 91 380
41 94 461
41 95 329
41 97 159
41 98 422
41 99 134
42 43 20
42 44 134
42 45 483
42 46 76
42 49 322
42 56 204
42 57 99
42 59 205
42 60 365
42 61 11
42 62 474
42 63 119
42 66 34
42 67 276
42 68 175
42 69 300
42 72 446
42 73 304
42 77 460
42 78 91
42 84 157
42 88 139
42 90 87
42 92 386
42 94 195
42 96 498
42 97 191
42 98 308
42 99 149
43 47 426
43 49 326
43 51 75
43 52 115
43 58 398
43 61 352
43 62 317
43 63 39
43 66 122
43 67 122
43 70 332
43 71 5
43 73 137
43 76 406
43 79 82
43 80 387
43 81 497
43 83 201
43 84 271
43 85 52
43 86 149
43 87 492
43 90 335
43 91 107
43 93 178
43 94 428
43 95 185
43 96 165
43 99 447
44 46 101
44 48 126
44 49 164
44 51 90
44 54 98
44 56 37
44 57 93
44 62 96
44 66 129
44 67 234
44 68 22
44 69 441
44 70 15
44 71 192
44 74 33
44 75 250
44 78 426
44 79 198
44 85 450
44 87 138
44 89 437
44 91 465
44 94 491
44 95 271
44 96 392
44 97 135
44 99 339
45 48 202
45 55 1
45 56 466
45 57 393
45 58 93
45 60 361
45 63 49
45 65 135
45 67 335
45 68 366
45 69 263
45 70 42
45 72 419
45 73 228
45 75 194
45 79 73
45 80 496
45 81 239
45 84 10
45 85 241
45 93 299
45 95 349
45 97 77
45 98 483
45 99 334
45 100 228
46 47 482
46 48 465
46 49 290
46 50 46
46 52 236
46 53 387
46 56 395
46 57 382
46 58 422
46 63 410
46 66 138
46 68 189
46 69 70
46 70 458
46 72 1
46 77 166
46 84 154
46 91 78
46 92 357
46 94 414
46 95 65
46 98 18
46 99 484
47 49 92
47 50 271
47 51 412
47 53 56
47 58 106
47 59 135
47 61 491
47 62 95
47 66 183
47 70 456
47 71 8
47 72 255
47 75 252
47 76 143
47 77 468
47 79 135
47 80 442
47 81 417
47 83 378
47 84 230
47 85 85
47 86 340
47 87 378
47 89 163
47 91 359
47 92 241
47 93 188
47 94 265
47 95 175
47 96 69
47 97 466
47 99 25
47 100 174
48 51 11
48 52 225
48 53 8
48 54 96
48 57 306
48 60 65
48 61 458
48 63 482
48 65 448
48 66 172
48 68 345
48 69 462
48 70 408
48 71 232
48 72 99
48 74 46
48 75 5
48 76 324
48 77 322
48 79 280
48 80 324
48 81 454
48 82 487
48 83 373
48 84 16
48 87 226
48 89 457
48 90 444
48 92 267
48 97 217
48 98 162
48 100 264
49 51 242
49 52 443
49 53 315
49 54 388
49 55 214
49 56 326
49 61 243
49 62 103
49 64 194
49 68 213
49 71 362
49 72 140
49 73 381
49 76 42
49 78 33
49 81 212
49 86 482
49 87 144
49 88 284
49 91 294
49 92 145
49 94 337
49 95 167
49 96 229
49 99 18
49 100 11
50 53 260
50 54 349
50 55 388
50 56 199
50 57 380
50 59 240
50 60 195
50 61 356
50 64 453
50 66 376
50 69 154
50 70 363
50 73 112
50 75 239
50 76 460
50 78 301
50 80 490
50 83 213
50 84 65
50 85 385
50 89 146
50 91 9
50 92 371
50 97 178
50 98 234
50 100 413
51 52 275
51 55 277
51 58 139
51 59 317
51 63 105
51 64 440
51 68 446
51 69 392
51 70 324
51 71 215
51 72 52
51 73 302
51 78 78
51 79 150
51 80 226
51 81 412
51 84 455
51 85 138
51 87 361
51 91 343
51 93 172
51 94 222
51 95 494
51 99 405
51 100 105
52 54 17
52 55 246
52 57 261
52 62 58
52 63 77
52 64 84
52 67 495
52 70 90
52 71 284
52 74 458
52 77 305
52 80 263
52 81 283
52 82 445
52 83 83
52 86 236
52 91 302
52 92 333
52 93 350
52 94 440
52 97 317
52 98 60
52 99 212
52 100 19
53 55 241
53 57 299
53 58 28
53 61 397
53 62 497
53 63 175
53 65 26
53 68 118
53 71 98
53 72 127
53 73 17
53 75 36
53 77 334
53 80 212
53 82 174
53 84 349
53 85 440
53 87 302
53 89 119
53 95 271
53 97 306
53 98 194
53 99 464
53 100 340
54 55 468
54 56 128
54 57 455
54 58 416
54 59 405
54 61 450
54 65 87
54 66 70
54 67 455
54 72 234
54 73 218
54 74 249
54 75 13
54 82 140
54 83 46
54 84 303
54 87 102
54 89 448
54 90 204
54 91 355
54 92 6
54 94 65
54 96 77
54 97 116
54 98 58
55 56 499
55 61 431
55 63 280
55 64 475
55 66 387
55 67 135
55 70 12
55 71 49
55 72 44
55 73 136
55 74 301
55 76 78
55 77 350
55 79 276
55 82 235
55 85 432
55 88 390
55 89 11
55 90 469
55 91 267
55 93 402
55 95 479
55 97 127
55 99 371
56 60 372
56 61 120
56 62 104
56 63 149
56 65 436
56 68 438
56 70 119
56 71 237
56 73 448
56 74 146
56 76 448
56 77 428
56 82 105
56 84 31
56 85 169
56 87 207
56 89 35
56 91 31
56 92 468
56 95 72
56 96 343
56 97 190
57 58 65
57 60 159
57 64 4
57 66 296
57 70 104
57 73 240
57 75 336
57 78 347
57 79 66
57 84 128
57 89 167
57 92 11
57 94 391
57 96 408
57 97 86
57 99 262
58 59 288
58 62 408
58 64 313
58 65 68
58 69 67
58 70 401
58 71 104
58 72 467
58 75 309
58 76 309
58 77 396
58 79 221
58 80 140
58 81 421
58 82 295
58 83 35
58 85 102
58 86 106
58 87 486
58 88 440
58 89 27
58 92 188
58 93 424
58 95 320
58 97 41
58 99 428
58 100 292
59 69 313
59 70 362
59 77 387
59 78 97
59 81 322
59 82 216
59 83 377
59 86 278
59 87 209
59 88 141
59 89 454
59 91 45
59 94 409
59 95 49
59 96 46
59 97 327
60 62 74
60 64 173
60 65 28
60 66 251
60 68 170
60 69 274
60 71 318
60 72 251
60 73 367
60 74 28
60 75 379
60 76 203
60 78 62
60 79 205
60 82 85
60 85 108
60 86 132
60 87 106
60 88 461
60 90 419
60 91 258
60 93 63
60 95 4
60 96 342
60 97 426
60 98 18
60 99 417
61 62 50
61 63 18
61 64 14
61 66 423
61 70 198
61 72 381
61 77 73
61 78 428
61 80 133
61 81 448
61 83 497
61 86 186
61 88 109
61 89 184
61 90 101
61 92 437
61 93 73
61 94 439
61 96 289
61 98 204
61 100 294
62 63 487
62 64 125
62 67 345
62 68 28
62 69 112
62 70 222
62 71 93
62 72 426
62 73 226
62 77 439
62 80 271
62 83 190
62 84 275
62 86 212
62 91 65
62 92 150
62 93 243
62 94 439
62 96 165
62 97 56
63 66 313
63 68 437
63 69 125
63 72 375
63 73 260
63 74 429
63 75 464
63 76 35
63 78 480
63 79 375
63 82 120
63 83 24
63 87 197
63 88 127
63 89 354
63 90 14
63 91 216
63 92 243
63 94 172
63 97 78
64 65 16
64 67 27
64 68 179
64 69 247
64 70 244
64 71 93
64 72 83
64 78 101
64 79 371
64 81 415
64 85 344
64 86 237
64 87 409
64 89 56
64 90 307
64 92 399
64 95 84
64 98 280
64 99 50
65 68 15
65 69 169
65 70 222
65 71 314
65 72 184
65 74 17
65 77 214
65 78 221
65 80 406
65 81 82
65 82 476
65 84 108
65 85 342
65 86 235
65 90 134
65 92 226
65 95 400
65 96 398
66 70 383
66 71 442
66 75 209
66 76 378
66 77 447
66 78 454
66 79 249
66 85 438
66 86 199
66 87 151
66 88 134
66 89 395
66 90 240
66 92 407
66 94 116
66 96 436
66 98 390
66 100 347
67 69 387
67 70 259
67 72 457
67 76 487
67 80 171
67 81 465
67 83 299
67 84 17
67 87 121
67 88 293
67 89 476
67 90 411
67 92 447
67 94 404
67 95 225
67 96 342
67 97 460
67 98 58
67 99 216
68 72 431
68 73 391
68 75 289
68 76 428
68 78 41
68 80 410
68 84 335
68 85 69
68 86 43
68 88 258
68 91 94
68 92 94
68 93 488
68 95 277
68 99 41
68 100 315
69 70 479
69 71 417
69 74 89
69 78 153
69 87 485
69 90 298
69 91 381
69 94 117
69 95 315
69 96 3
69 99 434
70 72 104
70 73 480
70 74 4
70 78 411
70 79 450
70 81 75
70 89 442
70 90 311
70 93 280
70 94 313
70 96 490
70 97 464
70 98 438
70 99 11
71 72 457
71 73 44
71 74 368
71 75 444
71 76 148
71 77 203
71 78 170
71 79 363
71 80 60
71 81 237
71 82 383
71 84 196
71 85 59
71 87 23
71 89 366
71 91 160
71 93 28
71 96 361
71 100 372
72 73 45
72 74 351
72 75 474
72 76 180
72 77 208
72 79 172
72 85 414
72 89 57
72 90 311
72 91 393
72 92 236
72 93 166
72 95 52
72 97 9
72 100 378
73 76 350
73 80 162
73 81 58
73 84 27
73 86 320
73 88 263
73 89 351
73 91 61
73 92 63
73 93 333
73 95 319
73 97 187
74 76 303
74 77 160
74 78 138
74 80 235
74 81 12
74 83 140
74 84 361
74 85 23
74 86 177
74 91 487
74 92 141
74 94 37
74 98 459
75 76 75
75 79 193
75 80 494
75 81 445
75 83 122
75 87 83
75 88 239
75 92 154
75 93 461
75 95 300
75 96 363
75 97 122
75 99 92
76 78 380
76 79 455
76 80 162
76 81 473
76 82 212
76 83 279
76 84 369
76 85 27
76 86 265
76 87 55
76 88 343
76 90 217
76 96 426
76 98 381
76 99 222
77 79 223
77 82 400
77 84 201
77 87 73
77 90 341
77 92 115
77 93 408
77 94 332
77 95 167
77 97 388
77 99 150
78 80 214
78 81 186
78 84 12
78 86 136
78 90 96
78 92 4
78 93 270
78 94 420
78 95 301
78 96 39
78 99 171
79 82 261
79 83 333
79 85 352
79 86 339
79 89 440
79 96 303
79 97 171
79 98 68
79 99 379
80 82 281
80 83 72
80 84 317
80 89 53
80 90 135
80 91 450
80 95 419
80 99 243
80 100 381
81 82 27
81 85 172
81 86 186
81 87 108
81 88 441
81 94 261
81 97 270
81 98 497
81 100 359
82 84 102
82 88 265
82 90 229
82 93 161
82 94 411
82 95 379
82 97 79
83 84 442
83 85 145
83 88 284
83 90 429
83 92 154
83 94 204
83 95 108
83 96 284
83 97 71
83 98 267
84 88 481
84 89 63
84 91 102
84 94 101
84 96 257
84 97 115
84 98 239
85 87 100
85 88 25
85 89 169
85 90 337
85 94 77
85 97 162
86 88 486
86 90 378
86 91 299
86 92 221
86 94 98
86 95 382
86 97 241
86 98 489
86 100 78
87 89 297
87 91 357
87 93 296
87 94 355
87 99 440
88 89 17
88 91 304
88 95 490
88 96 9
88 99 143
89 90 277
89 91 131
89 92 471
89 96 253
89 99 246
89 100 58
90 91 181
90 94 494
90 95 219
90 97 120
90 98 124
90 99 101
91 92 400
91 97 280
91 98 190
91 100 272
92 94 149
92 95 414
92 96 373
92 98 367
92 99 434
92 100 399
93 94 381
93 97 200
94 95 419
94 99 131
95 98 37
95 100 409
96 97 352
96 98 316
96 99 202
96 100 119
97 98 15
97 100 214
98 99 44
98 100 64
99 100 170
