100 2502
1 4 7
1 5 116
1 6 427
1 8 191
1 9 249
1 12 301
1 13 83
1 14 395
1 17 203
1 20 103
1 23 395
1 24 492
1 26 188
1 30 319
1 34 482
1 35 239
1 36 408
1 39 410
1 40 80
1 44 357
1 45 154
1 47 179
1 48 237
1 49 388
1 50 468
1 51 297
1 53 57
1 57 234
1 60 386
1 61 175
1 62 38
1 66 475
1 68 193
1 70 81
1 72 107
1 73 126
1 74 137
1 77 366
1 82 124
1 83 447
1 84 189
1 85 2
1 86 367
1 88 337
1 89 135
1 90 353
1 92 433
1 95 114
1 96 149
1 98 344
1 99 247
1 100 224
2 3 426
2 5 97
2 6 21
2 10 93
2 11 51
2 12 446
2 16 280
2 17 35
2 18 388
2 19 51
2 21 307
2 22 228
2 23 373
2 24 108
2 26 126
2 30 262
2 31 430
2 34 227
2 36 136
2 38 24
2 39 455
2 40 261
2 41 445
2 42 273
2 44 158
2 45 482
2 46 245
2 47 43
2 48 7
2 51 124
2 53 123
2 54 451
2 56 314
2 63 388
2 65 483
2 71 423
2 72 421
2 74 358
2 76 159
2 77 193
2 78 106
2 80 316
2 81 196
2 86 265
2 89 394
2 91 143
2 92 48
2 93 26
2 96 327
2 97 162
2 98 280
2 100 164
3 4 35
3 6 9
3 7 218
3 10 44
3 14 15
3 16 53
3 17 213
3 19 42
3 22 437
3 24 346
3 28 185
3 29 270
3 31 9
3 32 205
3 33 134
3 39 194
3 41 327
3 43 103
3 44 332
3 47 441
3 49 258
3 51 134
3 54 345
3 55 139
3 60 229
3 62 171
3 63 54
3 65 349
3 66 222
3 70 50
3 71 30
3 72 154
3 73 218
3 74 411
3 77 362
3 78 327
3 79 168
3 80 367
3 81 295
3 82 161
3 84 451
3 87 205
3 89 376
3 91 31
3 92 188
3 94 188
3 95 333
3 96 242
3 98 187
4 7 376
4 9 105
4 10 184
4 16 438
4 17 74
4 18 494
4 19 479
4 20 4
4 21 439
4 22 185
4 23 296
4 26 364
4 28 19
4 29 448
4 30 31
4 33 161
4 41 388
4 42 93
4 43 445
4 45 242
4 47 148
4 54 495
4 55 327
4 58 68
4 59 290
4 62 443
4 65 279
4 67 38
4 68 72
4 69 128
4 70 25
4 71 3
4 72 254
4 73 41
4 74 315
4 77 216
4 81 334
4 82 307
4 84 350
4 85 439
4 86 355
4 87 70
4 90 342
4 91 303
4 94 387
4 96 480
4 97 341
4 99 486
4 100 59
5 7 10
5 12 129
5 15 126
5 17 6
5 18 351
5 19 8
5 23 449
5 26 232
5 27 313
5 29 286
5 30 122
5 34 16
5 35 263
5 36 135
5 37 5
5 40 437
5 44 447
5 46 274
5 47 219
5 49 331
5 50 192
5 54 229
5 57 85
5 58 434
5 61 321
5 66 7
5 67 417
5 68 389
5 69 145
5 71 18
5 75 100
5 82 380
5 83 124
5 84 46
5 86 140
5 88 184
5 91 35
5 92 188
5 97 460
5 98 445
5 100 320
6 7 27
6 14 403
6 16 44
6 17 53
6 18 462
6 20 150
6 21 1
6 25 71
6 28 287
6 31 417
6 33 497
6 34 83
6 37 221
6 38 143
6 39 340
6 40 301
6 42 79
6 43 252
6 44 222
6 45 291
6 47 78
6 48 429
6 49 368
6 50 366
6 53 44
6 54 316
6 56 236
6 57 284
6 58 290
6 59 121
6 60 177
6 62 177
6 64 109
6 66 61
6 67 369
6 70 294
6 71 238
6 72 79
6 73 156
6 75 422
6 78 358
6 79 359
6 80 148
6 81 489
6 82 366
6 86 47
6 88 183
6 91 155
6 92 480
6 96 75
6 98 159
6 99 118
7 8 476
7 11 319
7 15 206
7 16 162
7 18 344
7 19 151
7 20 416
7 23 368
7 24 182
7 25 274
7 26 378
7 27 204
7 28 74
7 29 3
7 30 317
7 32 42
7 34 26
7 36 136
7 40 109
7 41 487
7 42 123
7 43 473
7 49 282
7 50 304
7 56 442
7 57 118
7 58 324
7 59 127
7 60 43
7 62 307
7 65 461
7 66 286
7 67 3
7 69 62
7 71 379
7 72 376
7 73 2
7 75 190
7 76 146
7 78 50
7 80 62
7 82 50
7 84 288
7 86 155
7 90 70
7 93 395
7 94 242
7 96 431
7 98 444
8 14 228
8 15 392
8 17 302
8 19 10
8 20 215
8 21 380
8 23 399
8 24 241
8 25 485
8 26 38
8 27 192
8 28 417
8 29 232
8 32 154
8 33 406
8 34 135
8 36 215
8 37 5
8 40 118
8 43 184
8 46 448
8 50 50
8 55 261
8 57 396
8 58 370
8 59 478
8 60 317
8 62 434
8 63 257
8 65 277
8 70 213
8 71 177
8 72 205
8 73 176
8 74 478
8 76 133
8 77 72
8 78 128
8 81 405
8 86 356
8 88 125
8 89 151
8 90 114
8 91 185
8 93 138
8 94 117
8 96 249
8 97 58
8 99 81
8 100 484
9 10 484
9 13 215
9 16 124
9 19 479
9 21 85
9 22 490
9 23 409
9 25 19
9 27 359
9 28 446
9 29 78
9 30 311
9 31 368
9 32 237
9 33 98
9 35 426
9 36 133
9 38 28
9 40 19
9 41 325
9 43 121
9 45 39
9 46 479
9 48 307
9 49 479
9 50 77
9 52 91
9 53 230
9 55 474
9 56 156
9 57 337
9 59 364
9 60 127
9 62 229
9 66 334
9 70 87
9 76 317
9 80 51
9 81 221
9 83 105
9 86 117
9 87 341
9 89 176
9 90 199
9 91 319
9 93 183
9 98 405
9 99 176
10 11 34
10 12 53
10 13 390
10 18 263
10 19 265
10 20 244
10 22 220
10 23 301
10 24 72
10 29 66
10 31 241
10 32 352
10 33 419
10 34 361
10 37 231
10 38 131
10 40 374
10 41 348
10 43 150
10 45 410
10 46 442
10 47 427
10 48 196
10 49 27
10 50 340
10 54 334
10 55 47
10 57 177
10 58 354
10 59 47
10 60 200
10 62 354
10 63 95
10 64 205
10 65 443
10 66 417
10 70 149
10 71 71
10 72 159
10 74 224
10 76 60
10 79 146
10 80 114
10 81 81
10 82 147
10 85 318
10 89 87
10 92 422
10 94 469
10 95 72
10 96 98
10 97 171
10 100 350
11 13 430
11 15 269
11 16 209
11 17 304
11 18 438
11 19 487
11 20 425
11 21 88
11 22 197
11 23 421
11 25 168
11 30 120
11 35 359
11 36 81
11 37 223
11 43 390
11 49 355
11 53 151
11 56 325
11 57 224
11 58 388
11 64 265
11 65 107
11 67 339
11 68 494
11 69 493
11 70 203
11 71 234
11 76 174
11 78 175
11 79 59
11 83 426
11 88 74
11 90 345
11 93 443
11 94 178
11 98 96
11 99 218
12 13 405
12 14 59
12 20 1
12 21 389
12 22 150
12 23 419
12 25 363
12 26 413
12 30 295
12 31 224
12 34 473
12 39 15
12 42 338
12 44 228
12 47 432
12 48 74
12 49 383
12 50 139
12 51 391
12 52 353
12 53 296
12 57 406
12 58 292
12 60 94
12 63 102
12 70 212
12 71 110
12 72 334
12 73 50
12 74 26
12 75 51
12 76 495
12 77 462
12 78 446
12 80 40
12 81 361
12 82 120
12 83 479
12 86 281
12 88 407
12 90 17
12 91 307
12 97 221
12 99 183
12 100 238
13 14 454
13 15 278
13 16 7
13 17 193
13 19 240
13 20 45
13 21 165
13 24 102
13 25 8
13 28 48
13 30 61
13 32 76
13 34 131
13 35 126
13 36 329
13 39 336
13 44 200
13 46 236
13 47 69
13 52 36
13 54 388
13 56 264
13 60 74
13 61 180
13 62 188
13 63 146
13 74 212
13 75 484
13 77 150
13 78 112
13 80 49
13 81 80
13 82 357
13 84 46
13 86 495
13 87 56
13 88 149
13 89 188
13 92 276
13 93 165
13 96 324
13 100 268
14 21 267
14 22 26
14 23 331
14 25 334
14 26 53
14 27 378
14 30 94
14 31 469
14 34 226
14 35 369
14 39 166
14 41 432
14 43 279
14 46 372
14 49 274
14 50 176
14 51 113
14 52 473
14 56 67
14 58 435
14 59 147
14 61 90
14 62 54
14 66 73
14 68 386
14 70 148
14 72 260
14 73 254
14 76 245
14 77 95
14 78 104
14 79 46
14 80 241
14 82 294
14 83 430
14 86 205
14 89 477
14 92 351
14 94 312
14 97 211
14 99 83
15 16 156
15 18 174
15 21 362
15 24 326
15 25 1
15 26 435
15 33 317
15 37 151
15 38 299
15 40 132
15 41 136
15 43 497
15 44 338
15 45 449
15 48 421
15 49 37
15 53 293
15 54 102
15 55 291
15 56 276
15 57 98
15 58 396
15 59 176
15 60 211
15 61 215
15 63 493
15 65 331
15 66 410
15 67 206
15 68 246
15 69 435
15 70 183
15 71 457
15 73 248
15 75 345
15 76 360
15 77 9
15 78 324
15 79 124
15 82 389
15 86 199
15 88 358
15 90 318
15 96 434
15 97 439
15 99 447
16 18 8
16 19 220
16 21 322
16 22 489
16 23 463
16 26 119
16 28 268
16 29 75
16 30 343
16 32 315
16 33 316
16 34 349
16 36 75
16 38 72
16 39 56
16 41 46
16 42 262
16 47 333
16 48 440
16 49 271
16 52 375
16 53 110
16 55 310
16 57 73
16 58 265
16 60 435
16 62 19
16 63 395
16 66 297
16 67 494
16 69 44
16 70 470
16 75 360
16 76 261
16 79 318
16 80 365
16 86 123
16 87 3
16 89 274
16 90 389
16 91 63
16 92 154
16 98 11
16 99 237
17 20 142
17 21 207
17 23 397
17 24 393
17 25 287
17 27 275
17 29 115
17 31 181
17 33 431
17 34 429
17 36 443
17 39 9
17 41 215
17 43 112
17 46 328
17 47 325
17 48 103
17 49 462
17 50 182
17 51 492
17 54 32
17 56 411
17 58 360
17 59 198
17 60 46
17 61 176
17 62 198
17 63 42
17 65 249
17 68 337
17 69 359
17 72 409
17 73 274
17 74 295
17 75 296
17 76 433
17 77 344
17 83 136
17 86 194
17 88 291
17 89 340
17 90 13
17 91 251
17 93 302
17 98 273
17 100 85
18 19 99
18 22 420
18 23 365
18 24 419
18 25 220
18 26 300
18 27 125
18 28 240
18 30 414
18 32 114
18 36 104
18 38 116
18 40 214
18 41 105
18 44 86
18 45 270
18 46 454
18 51 215
18 52 89
18 55 239
18 56 361
18 57 40
18 59 484
18 64 370
18 67 189
18 69 265
18 70 302
18 71 486
18 75 309
18 76 27
18 77 190
18 79 25
18 80 289
18 85 155
18 86 196
18 87 166
18 88 96
18 89 496
18 90 174
18 93 335
18 95 164
18 96 327
18 97 207
18 98 377
18 99 199
19 21 422
19 23 399
19 24 451
19 25 351
19 27 347
19 31 476
19 32 449
19 35 144
19 37 53
19 39 251
19 41 12
19 44 76
19 45 154
19 46 89
19 50 467
19 51 392
19 52 483
19 55 350
19 57 67
19 58 212
19 59 262
19 60 309
19 62 384
19 63 496
19 64 407
19 67 214
19 68 86
19 69 463
19 70 180
19 73 90
19 74 176
19 75 344
19 80 78
19 81 344
19 83 118
19 85 87
19 86 323
19 88 186
19 89 288
19 91 289
19 92 211
19 93 369
19 94 123
19 97 481
19 98 3
19 99 355
19 100 76
20 22 214
20 24 116
20 25 183
20 26 110
20 30 294
20 32 228
20 33 88
20 34 278
20 35 207
20 36 72
20 37 373
20 39 449
20 43 456
20 44 391
20 45 36
20 46 495
20 47 358
20 50 461
20 51 73
20 52 271
20 59 458
20 61 110
20 64 495
20 65 276
20 66 315
20 70 133
20 73 436
20 74 96
20 75 254
20 79 252
20 81 176
20 83 82
20 84 343
20 85 136
20 89 171
20 91 81
20 92 279
20 93 436
20 95 390
20 97 422
21 24 269
21 25 76
21 28 396
21 30 15
21 31 272
21 33 231
21 38 40
21 39 197
21 41 406
21 42 312
21 43 328
21 45 401
21 46 155
21 48 329
21 49 423
21 50 182
21 54 217
21 55 435
21 63 328
21 64 293
21 65 65
21 66 36
21 68 8
21 69 132
21 70 426
21 71 87
21 74 187
21 75 206
21 78 121
21 81 492
21 83 3
21 84 318
21 85 259
21 86 287
21 88 162
21 90 366
21 92 413
21 93 170
21 95 376
21 97 340
21 98 304
21 99 469
22 24 298
22 25 466
22 26 66
22 29 236
22 33 362
22 35 274
22 36 301
22 39 13
22 40 252
22 41 191
22 46 388
22 47 107
22 48 210
22 49 409
22 50 181
22 51 483
22 58 65
22 59 50
22 61 301
22 63 300
22 65 447
22 68 408
22 69 270
22 72 179
22 74 370
22 75 163
22 76 25
22 79 144
22 80 221
22 81 85
22 84 282
22 86 84
22 87 391
22 89 438
22 90 402
22 95 377
22 99 280
23 24 268
23 25 418
23 27 266
23 31 68
23 32 75
23 35 69
23 36 471
23 37 337
23 38 437
23 39 195
23 41 349
23 42 126
23 43 37
23 45 304
23 47 447
23 50 12
23 52 411
23 54 257
23 56 263
23 57 74
23 58 363
23 62 12
23 63 423
23 65 496
23 68 354
23 69 162
23 70 469
23 72 380
23 73 265
23 76 177
23 77 39
23 79 84
23 80 361
23 81 266
23 82 401
23 84 397
23 85 439
23 86 353
23 87 449
23 88 366
23 90 24
23 92 437
23 93 469
23 94 408
23 96 387
23 97 84
23 98 78
23 99 125
23 100 395
24 27 201
24 28 39
24 29 64
24 30 215
24 31 79
24 33 102
24 34 273
24 35 181
24 36 384
24 37 484
24 39 308
24 40 137
24 42 261
24 56 169
24 59 116
24 61 320
24 62 465
24 64 396
24 67 485
24 71 22
24 72 280
24 73 401
24 74 104
24 75 32
24 76 93
24 77 156
24 78 359
24 81 258
24 82 489
24 84 213
24 86 475
24 87 340
24 89 361
24 94 300
24 98 29
24 99 487
24 100 140
25 30 159
25 32 75
25 33 417
25 36 257
25 41 455
25 42 363
25 43 458
25 47 286
25 49 204
25 50 421
25 51 88
25 54 56
25 56 407
25 57 338
25 59 314
25 60 391
25 67 128
25 68 134
25 69 411
25 70 378
25 71 22
25 72 12
25 73 375
25 77 280
25 79 388
25 81 279
25 84 460
25 85 55
25 87 180
25 88 274
25 89 404
25 91 203
25 95 338
25 96 152
25 98 384
26 29 422
26 30 1
26 33 79
26 34 132
26 35 347
26 37 215
26 38 312
26 39 43
26 41 490
26 43 422
26 47 462
26 48 126
26 49 498
26 50 394
26 51 419
26 52 2
26 54 127
26 59 316
26 62 81
26 64 3
26 65 209
26 66 309
26 67 255
26 68 333
26 69 115
26 71 35
26 72 143
26 73 335
26 79 481
26 80 55
26 83 77
26 84 379
26 87 456
26 88 399
26 89 98
26 90 72
26 91 103
26 92 159
26 93 161
26 94 313
26 95 371
26 96 143
26 97 90
26 98 417
27 28 488
27 29 328
27 31 141
27 33 485
27 35 83
27 37 99
27 39 257
27 42 180
27 48 22
27 49 121
27 50 327
27 51 134
27 56 72
27 62 309
27 63 206
27 64 62
27 66 19
27 67 195
27 68 271
27 70 293
27 71 167
27 72 173
27 73 234
27 74 37
27 75 104
27 77 230
27 80 462
27 83 94
27 84 168
27 88 281
27 89 397
27 90 197
27 94 165
27 96 161
27 97 212
27 100 488
28 32 189
28 35 4
28 36 495
28 38 347
28 41 94
28 42 468
28 47 207
28 48 463
28 51 47
28 52 250
28 56 489
28 57 404
28 60 109
28 63 344
28 65 448
28 66 322
28 67 63
28 69 26
28 70 411
28 75 488
28 77 477
28 79 239
28 81 348
28 82 16
28 83 381
28 85 329
28 86 53
28 91 493
28 94 377
28 96 365
28 97 423
28 98 416
28 99 359
28 100 401
29 30 131
29 32 194
29 34 140
29 37 45
29 38 427
29 40 266
29 46 215
29 48 415
29 52 313
29 53 103
29 54 173
29 55 451
29 58 481
29 59 443
29 61 47
29 65 439
29 66 438
29 68 430
29 69 457
29 70 170
29 73 157
29 75 487
29 76 310
29 78 444
29 80 400
29 81 164
29 84 126
29 86 341
29 88 49
29 90 393
29 92 95
29 93 258
29 95 245
29 96 263
29 97 346
29 98 354
29 99 384
29 100 487
30 31 345
30 32 324
30 34 442
30 35 51
30 36 296
30 38 459
30 40 189
30 42 142
30 43 156
30 44 427
30 45 389
30 47 52
30 55 293
30 58 254
30 61 221
30 63 254
30 64 41
30 65 251
30 67 305
30 68 156
30 69 494
30 70 269
30 71 151
30 74 387
30 79 361
30 80 159
30 81 1
30 84 411
30 85 414
30 87 199
30 89 409
30 91 456
30 93 251
30 94 129
30 95 172
30 96 389
30 97 256
30 99 415
31 36 329
31 40 141
31 45 208
31 47 58
31 48 433
31 49 222
31 51 255
31 52 81
31 53 474
31 54 242
31 55 451
31 58 456
31 59 224
31 60 395
31 61 195
31 63 402
31 64 320
31 65 102
31 66 245
31 67 130
31 68 356
31 72 318
31 73 337
31 77 131
31 81 378
31 82 406
31 85 253
31 86 305
31 87 311
31 89 412
31 90 256
31 91 211
31 92 497
31 93 348
31 94 175
31 95 22
31 99 278
31 100 17
32 35 7
32 36 186
32 38 490
32 41 41
32 42 68
32 44 66
32 47 159
32 48 369
32 49 283
32 50 27
32 54 243
32 55 1
32 56 261
32 57 255
32 60 132
32 62 200
32 63 278
32 64 440
32 66 99
32 69 240
32 73 380
32 74 146
32 75 72
32 77 103
32 80 245
32 81 228
32 82 498
32 83 111
32 84 353
32 85 341
32 86 61
32 88 160
32 91 209
32 98 90
32 99 24
32 100 328
33 37 320
33 43 440
33 44 112
33 45 459
33 46 420
33 47 464
33 51 219
33 54 441
33 57 128
33 58 351
33 61 433
33 62 443
33 67 133
33 68 14
33 69 441
33 70 129
33 71 391
33 75 230
33 76 411
33 77 160
33 78 381
33 79 193
33 82 434
33 83 259
33 84 8
33 86 207
33 88 149
33 91 233
33 97 87
33 99 232
34 35 425
34 36 180
34 37 494
34 40 322
34 42 29
34 43 48
34 44 470
34 45 40
34 50 294
34 53 395
34 56 39
34 64 423
34 66 330
34 67 57
34 72 287
34 73 394
34 76 286
34 77 112
34 78 449
34 80 165
34 81 119
34 84 267
34 89 479
34 92 222
34 95 223
34 96 65
34 97 62
34 99 345
34 100 316
35 36 425
35 42 191
35 45 153
35 46 163
35 47 418
35 52 332
35 53 266
35 56 17
35 59 212
35 61 330
35 62 144
35 63 307
35 64 301
35 65 214
35 66 30
35 67 246
35 69 407
35 74 329
35 75 379
35 77 356
35 78 415
35 79 2
35 80 133
35 81 461
35 82 77
35 83 233
35 85 311
35 87 177
35 92 356
35 95 341
35 97 474
35 99 118
35 100 107
36 37 72
36 38 311
36 40 165
36 43 453
36 44 72
36 45 264
36 48 71
36 49 138
36 50 80
36 54 244
36 58 71
36 59 447
36 62 88
36 63 228
36 66 175
36 68 438
36 69 33
36 70 114
36 72 474
36 75 250
36 82 75
36 83 296
36 84 123
36 85 304
36 87 478
36 88 459
36 90 270
36 94 479
36 95 169
36 97 108
36 98 280
37 38 461
37 39 270
37 40 162
37 41 336
37 42 93
37 44 440
37 46 332
37 49 6
37 54 129
37 56 408
37 58 306
37 59 12
37 60 230
37 61 24
37 64 465
37 66 192
37 70 151
37 72 156
37 73 95
37 79 162
37 80 105
37 81 300
37 82 99
37 84 141
37 85 122
37 86 37
37 87 313
37 89 361
37 90 13
37 91 46
37 93 236
37 94 70
37 96 323
37 97 100
37 98 106
37 99 230
38 39 246
38 40 329
38 41 217
38 42 88
38 43 465
38 44 38
38 49 251
38 50 494
38 53 115
38 58 221
38 60 404
38 63 457
38 64 482
38 67 81
38 68 199
38 69 425
38 70 259
38 71 298
38 72 113
38 73 46
38 75 332
38 76 252
38 78 251
38 79 440
38 82 273
38 83 25
38 84 326
38 87 135
38 89 338
38 95 132
38 96 312
39 40 391
39 41 100
39 42 416
39 43 53
39 45 378
39 49 487
39 54 175
39 55 195
39 57 284
39 58 91
39 60 35
39 61 174
39 62 474
39 64 28
39 68 284
39 69 335
39 71 393
39 72 204
39 73 183
39 77 364
39 79 233
39 81 491
39 82 423
39 83 119
39 86 171
39 87 374
39 91 475
39 93 179
39 95 391
39 96 295
39 98 357
40 41 489
40 42 187
40 44 83
40 45 58
40 46 289
40 47 493
40 48 265
40 50 240
40 51 148
40 52 236
40 53 87
40 54 193
40 56 328
40 57 230
40 58 331
40 59 227
40 61 87
40 62 341
40 65 422
40 71 9
40 73 407
40 74 244
40 79 429
40 81 203
40 83 264
40 85 105
40 86 260
40 88 263
40 89 144
40 90 226
40 93 132
40 94 347
40 95 113
40 96 92
40 97 471
40 98 290
40 100 497
41 43 477
41 44 216
41 47 123
41 48 253
41 50 293
41 52 194
41 53 447
41 55 294
41 61 122
41 63 98
41 66 471
41 67 106
41 68 69
41 69 273
41 70 495
41 72 205
41 73 36
41 77 392
41 78 109
41 79 248
41 82 343
41 84 26
41 91 338
41 92 232
41 94 373
41 95 342
41 100 352
42 43 321
42 45 207
42 49 155
42 53 253
42 54 482
42 55 491
42 56 482
42 57 471
42 59 28
42 60 489
42 63 463
42 66 351
42 67 451
42 68 487
42 70 303
42 73 52
42 76 129
42 78 389
42 79 158
42 80 409
42 85 18
42 88 44
42 89 327
42 91 314
42 96 447
42 97 69
42 98 362
42 99 277
43 45 484
43 46 262
43 47 92
43 52 111
43 54 44
43 55 497
43 57 153
43 59 83
43 62 116
43 64 442
43 66 426
43 68 427
43 69 434
43 75 417
43 76 221
43 78 32
43 83 349
43 84 252
43 86 194
43 87 151
43 88 25
43 93 414
43 94 304
43 95 83
43 97 81
43 98 386
43 99 314
44 47 33
44 51 182
44 54 314
44 55 180
44 56 455
44 57 322
44 58 373
44 64 317
44 66 140
44 70 146
44 71 279
44 72 213
44 74 280
44 75 124
44 76 292
44 77 1
44 78 373
44 81 322
44 82 394
44 83 41
44 85 73
44 88 60
44 90 116
44 92 416
44 93 306
44 95 177
44 97 454
44 98 350
45 46 154
45 47 197
45 49 184
45 53 112
45 55 171
45 56 99
45 57 274
45 58 479
45 61 388
45 62 326
45 63 117
45 67 311
45 68 404
45 70 53
45 74 333
45 76 435
45 78 210
45 79 182
45 84 430
45 85 101
45 86 447
45 88 36
45 90 392
45 95 441
45 99 312
46 47 426
46 48 373
46 49 346
46 51 276
46 53 293
46 54 380
46 55 286
46 57 178
46 58 93
46 61 368
46 63 448
46 66 380
46 67 28
46 68 52
46 73 393
46 74 47
46 76 333
46 77 427
46 79 20
46 81 430
46 86 97
46 89 124
46 94 478
46 98 235
47 48 284
47 49 306
47 55 8
47 56 336
47 62 67
47 65 433
47 67 409
47 68 393
47 70 45
47 71 203
47 72 110
47 73 187
47 74 19
47 81 18
47 82 257
47 83 7
47 84 154
47 85 236
47 86 13
47 89 218
47 91 420
47 93 483
47 95 279
47 96 466
47 97 178
47 98 12
47 99 222
48 49 420
48 50 232
48 51 366
48 52 437
48 57 29
48 60 162
48 63 33
48 64 97
48 66 301
48 68 300
48 69 439
48 70 469
48 71 71
48 72 193
48 73 490
48 75 237
48 77 386
48 78 32
48 80 426
48 83 275
48 84 394
48 85 91
48 86 430
48 87 418
48 89 366
48 93 377
48 94 279
48 96 81
48 97 497
48 100 316
49 50 475
49 53 447
49 60 49
49 61 99
49 63 159
49 65 215
49 66 40
49 67 482
49 70 8
49 71 368
49 74 195
49 75 168
49 76 38
49 77 271
49 80 480
49 85 345
49 88 263
49 89 199
49 91 484
49 93 465
49 95 445
50 54 170
50 55 246
50 57 286
50 58 148
50 59 10
50 62 155
50 64 353
50 65 198
50 66 55
50 67 82
50 68 86
50 70 326
50 73 439
50 74 154
50 75 353
50 76 407
50 78 194
50 80 83
50 84 366
50 85 116
50 86 377
50 92 7
50 93 252
50 94 131
50 95 464
50 96 123
50 98 103
50 99 33
51 52 457
51 53 37
51 54 325
51 60 240
51 61 193
51 63 37
51 65 444
51 69 273
51 72 486
51 73 277
51 74 319
51 75 291
51 76 246
51 79 193
51 83 184
51 84 79
51 86 413
51 90 457
51 92 479
51 93 123
51 95 441
51 97 75
52 54 87
52 55 155
52 56 101
52 59 167
52 60 178
52 62 207
52 63 232
52 65 461
52 66 162
52 67 176
52 70 240
52 74 119
52 76 258
52 77 208
52 83 409
52 84 162
52 85 269
52 86 380
52 90 35
52 91 84
52 94 8
52 99 169
53 56 462
53 57 319
53 58 341
53 60 387
53 63 276
53 64 218
53 65 286
53 67 260
53 69 497
53 70 297
53 72 465
53 74 356
53 78 375
53 79 15
53 80 57
53 81 97
53 82 307
53 83 47
53 84 169
53 86 290
53 88 273
53 91 370
53 93 231
53 96 395
53 97 362
53 98 462
53 100 172
54 55 413
54 59 255
54 63 412
54 65 55
54 70 17
54 71 296
54 72 293
54 73 173
54 76 204
54 77 416
54 78 21
54 79 246
54 83 345
54 84 379
54 85 154
54 86 6
54 89 472
54 90 436
54 92 372
54 93 449
54 94 338
54 95 280
54 97 78
54 99 130
54 100 168
55 56 252
55 58 131
55 60 137
55 61 276
55 62 127
55 63 490
55 65 141
55 67 109
55 68 28
55 72 494
55 73 372
55 74 188
55 75 154
55 77 284
55 78 298
55 85 331
55 88 439
55 89 248
55 90 445
55 94 399
55 96 271
55 98 267
55 99 224
55 100 184
56 57 142
56 61 194
56 66 340
56 67 232
56 68 305
56 69 23
56 72 138
56 73 498
56 76 230
56 77 213
56 78 393
56 84 384
56 85 338
56 94 202
56 96 321
56 100 303
57 60 288
57 61 196
57 63 62
57 66 363
57 67 298
57 68 88
57 69 249
57 70 232
57 71 438
57 72 109
57 73 370
57 74 244
57 75 444
57 76 261
57 80 380
57 83 151
57 86 188
57 89 177
57 90 228
57 91 332
57 93 321
57 94 387
57 95 293
57 97 332
57 98 108
57 99 354
58 60 72
58 63 487
58 67 10
58 69 200
58 77 324
58 81 35
58 82 285
58 83 491
58 84 280
58 87 85
58 89 417
58 91 205
58 92 165
58 93 113
58 94 11
58 95 476
58 99 301
58 100 154
59 62 296
59 65 489
59 66 497
59 67 241
59 68 453
59 69 397
59 70 197
59 73 218
59 74 366
59 75 216
59 80 293
59 83 282
59 85 30
59 88 364
59 91 186
59 93 495
59 94 186
59 95 163
59 97 30
59 99 176
60 61 203
60 63 384
60 64 364
60 66 239
60 67 277
60 68 473
60 72 253
60 74 216
60 76 341
60 79 36
60 82 446
60 83 181
60 85 322
60 86 103
60 87 257
60 88 496
60 90 114
60 91 166
60 92 98
60 95 27
60 96 333
60 97 113
60 98 338
60 100 62
61 63 392
61 69 266
61 70 384
61 73 416
61 74 425
61 77 207
61 79 301
61 81 139
61 82 315
61 83 86
61 84 369
61 85 321
61 93 297
61 95 82
61 96 314
61 97 317
61 100 99
62 64 15
62 66 492
62 68 139
62 70 461
62 74 361
62 75 214
62 76 46
62 80 76
62 81 238
62 82 162
62 86 408
62 87 482
62 90 406
62 93 276
62 94 241
62 95 453
62 97 445
62 100 109
63 64 10
63 66 25
63 67 302
63 68 51
63 69 45
63 70 148
63 72 54
63 73 11
63 76 108
63 81 79
63 82 214
63 85 426
63 89 164
63 90 364
63 93 482
63 96 204
63 98 172
64 69 149
64 72 5
64 73 33
64 74 81
64 75 470
64 76 487
64 77 442
64 79 413
64 80 286
64 81 163
64 83 37
64 84 491
64 85 64
64 86 389
64 91 230
64 95 123
64 99 40
65 67 411
65 69 354
65 72 112
65 75 475
65 76 456
65 77 153
65 79 250
65 80 416
65 84 487
65 85 272
65 89 182
65 93 244
65 98 482
65 99 46
66 70 345
66 71 148
66 72 421
66 74 193
66 75 492
66 76 104
66 79 253
66 83 399
66 84 179
66 85 288
66 88 431
66 89 477
66 94 314
66 95 368
66 96 365
66 97 220
67 70 14
67 74 429
67 75 482
67 76 12
67 79 189
67 80 390
67 82 481
67 88 361
67 92 498
67 93 92
67 95 294
67 96 366
67 97 252
67 98 466
67 100 432
68 73 307
68 77 37
68 86 234
68 87 181
68 92 85
68 94 59
68 95 168
68 97 252
68 98 439
69 70 93
69 71 194
69 73 134
69 77 380
69 78 375
69 79 65
69 87 346
69 88 253
69 90 134
69 91 30
69 95 450
69 96 335
69 97 30
69 98 179
69 99 485
69 100 447
70 73 471
70 74 136
70 75 219
70 77 471
70 78 205
70 79 175
70 80 110
70 81 12
70 84 294
70 86 182
70 87 335
70 89 60
70 90 79
70 95 413
70 98 270
71 74 485
71 75 148
71 76 269
71 78 340
71 79 149
71 81 261
71 82 63
71 83 217
71 86 31
71 87 270
71 88 60
71 91 435
71 92 358
71 94 121
71 96 394
72 77 376
72 78 376
72 79 216
72 80 117
72 84 261
72 87 417
72 88 163
72 89 232
72 90 210
72 93 115
72 94 318
72 99 29
73 74 16
73 77 426
73 78 204
73 79 309
73 82 458
73 83 171
73 84 468
73 85 483
73 91 167
73 93 346
73 97 49
73 99 375
74 75 184
74 76 184
74 77 433
74 78 141
74 80 195
74 81 359
74 82 251
74 83 35
74 84 166
74 86 12
74 87 54
74 89 379
74 90 78
74 91 210
74 92 216
74 94 186
74 96 326
74 97 22
75 76 154
75 77 239
75 78 101
75 80 390
75 83 130
75 85 207
75 87 15
75 90 475
75 91 140
75 92 271
75 95 374
75 97 309
75 100 149
76 82 429
76 91 421
76 92 491
76 94 192
76 95 226
76 96 436
77 78 210
77 81 126
77 82 355
77 84 81
77 86 5
77 87 26
77 92 420
77 95 347
77 96 230
77 99 231
78 79 88
78 80 144
78 85 226
78 86 206
78 88 471
78 89 419
78 90 110
78 93 190
78 94 8
78 95 228
78 99 416
78 100 61
79 81 374
79 82 20
79 87 423
79 90 334
79 94 280
79 97 35
79 99 50
80 84 259
80 85 480
80 86 410
80 88 175
80 90 175
80 91 269
80 94 378
80 95 324
80 97 351
80 98 326
80 100 25
81 82 395
81 85 46
81 86 262
81 88 449
81 89 335
81 91 366
81 92 210
81 98 405
81 99 258
82 87 373
82 88 136
82 89 34
82 92 125
82 93 4
82 94 333
82 95 291
82 96 344
82 97 407
82 98 310
82 99 77
83 85 74
83 86 117
83 87 97
83 90 463
83 92 186
83 93 309
83 95 132
83 97 422
83 98 141
83 99 380
84 87 258
84 88 28
84 89 401
84 91 497
84 92 303
84 94 283
84 98 157
85 88 317
85 89 282
85 90 447
85 93 101
85 100 373
86 87 462
86 90 237
86 91 283
86 93 439
86 94 82
86 98 141
86 99 470
86 100 206
87 88 67
87 89 74
87 92 435
87 93 202
87 95 441
87 96 194
87 98 256
87 99 220
88 89 466
88 92 34
88 95 138
88 97 486
88 98 45
88 99 87
89 90 288
89 95 118
89 96 88
89 97 101
89 99 345
89 100 257
90 96 29
90 97 103
91 95 57
91 96 71
92 96 97
92 97 36
92 100 55
93 94 490
93 95 280
93 98 192
93 99 465
93 100 4
94 96 24
94 97 177
95 96 40
95 97 269
95 99 304
95 100 45
96 97 321
96 98 443
98 99 107
98 100 330
