50 657
1 4 437
1 5 223
1 9 188
1 10 131
1 11 465
1 14 383
1 15 147
1 16 80
1 18 411
1 22 51
1 23 479
1 25 171
1 26 131
1 27 395
1 31 293
1 33 258
1 34 339
1 36 187
1 37 366
1 40 455
1 41 169
1 44 476
1 47 389
1 48 200
2 8 394
2 9 142
2 10 343
2 12 122
2 13 241
2 14 399
2 16 90
2 17 196
2 19 85
2 20 72
2 26 68
2 27 282
2 30 219
2 31 112
2 32 279
2 34 399
2 35 450
2 37 469
2 38 437
2 39 308
2 43 194
2 46 435
2 48 258
2 49 3
2 50 106
3 5 388
3 6 403
3 7 324
3 9 342
3 12 410
3 13 349
3 15 181
3 16 318
3 19 114
3 20 65
3 23 243
3 25 123
3 26 345
3 28 451
3 30 53
3 31 425
3 32 180
3 33 395
3 35 400
3 38 163
3 39 241
3 40 429
3 41 434
3 42 131
3 43 73
3 45 304
3 47 439
3 48 302
3 49 497
3 50 455
4 5 266
4 7 444
4 9 213
4 10 8
4 12 437
4 14 387
4 18 296
4 19 474
4 21 46
4 23 125
4 25 496
4 27 262
4 31 48
4 32 20
4 34 130
4 39 447
4 40 192
4 42 135
4 43 246
4 45 224
4 47 434
4 49 185
4 50 210
5 6 380
5 7 120
5 9 27
5 10 379
5 12 64
5 13 417
5 16 167
5 17 428
5 19 429
5 20 220
5 22 223
5 24 432
5 25 250
5 33 468
5 34 27
5 35 145
5 36 346
5 37 37
5 38 490
5 39 460
5 40 481
5 41 12
5 42 195
5 43 449
5 44 167
5 45 91
5 46 475
5 49 107
6 7 352
6 10 367
6 13 16
6 15 307
6 16 76
6 19 329
6 21 273
6 24 150
6 25 284
6 26 193
6 28 323
6 29 185
6 30 151
6 31 33
6 34 357
6 35 452
6 38 479
6 43 346
6 44 426
6 46 454
6 47 235
6 48 470
6 49 226
7 8 342
7 10 374
7 11 491
7 14 328
7 15 168
7 16 389
7 20 454
7 22 158
7 23 251
7 24 72
7 30 168
7 31 310
7 32 491
7 33 471
7 34 410
7 35 472
7 36 447
7 37 487
7 41 289
7 42 445
7 46 209
7 47 132
8 9 52
8 18 34
8 20 390
8 21 498
8 23 399
8 24 379
8 25 191
8 27 304
8 28 204
8 29 29
8 30 200
8 31 97
8 32 332
8 35 249
8 38 182
8 39 216
8 40 341
8 42 274
8 44 430
8 47 382
8 48 321
8 49 236
8 50 206
9 10 56
9 13 327
9 14 267
9 15 177
9 16 243
9 18 84
9 19 97
9 20 330
9 21 65
9 26 306
9 32 479
9 34 84
9 36 349
9 39 308
9 41 443
9 44 123
9 47 367
9 48 12
9 49 291
9 50 194
10 11 225
10 12 244
10 14 408
10 15 98
10 16 55
10 17 470
10 18 32
10 19 79
10 20 249
10 21 202
10 22 59
10 25 211
10 28 250
10 29 347
10 34 160
10 35 3
10 37 215
10 39 331
10 40 256
10 42 52
10 43 6
10 44 137
10 45 233
10 47 470
11 13 91
11 16 245
11 17 446
11 21 129
11 22 130
11 24 207
11 27 50
11 30 322
11 31 204
11 32 215
11 35 346
11 36 231
11 37 362
11 38 408
11 40 308
11 43 54
12 13 339
12 15 438
12 17 9
12 19 77
12 22 421
12 23 153
12 24 383
12 25 331
12 26 360
12 27 401
12 30 443
12 34 394
12 35 37
12 36 249
12 40 361
12 43 125
12 44 490
12 45 332
12 47 163
13 14 436
13 15 46
13 16 468
13 19 342
13 22 78
13 23 22
13 24 127
13 25 445
13 26 411
13 27 299
13 29 131
13 30 139
13 31 314
13 32 174
13 34 220
13 36 238
13 39 370
13 43 255
13 45 200
13 48 295
13 49 393
14 15 309
14 18 448
14 19 294
14 20 384
14 21 460
14 22 341
14 23 119
14 24 11
14 27 107
14 30 456
14 34 59
14 38 73
14 40 138
14 46 369
14 49 235
14 50 200
15 16 3
15 18 202
15 19 448
15 20 253
15 21 202
15 22 442
15 25 202
15 26 435
15 30 204
15 31 258
15 32 55
15 37 452
15 38 332
15 40 324
15 42 272
15 45 329
15 46 125
15 49 454
15 50 241
16 17 420
16 18 67
16 19 72
16 20 252
16 21 24
16 27 425
16 29 311
16 30 283
16 31 452
16 32 159
16 33 418
16 34 461
16 36 159
16 37 94
16 38 8
16 40 471
16 42 471
16 45 244
16 48 129
16 50 47
17 18 495
17 19 462
17 20 96
17 21 350
17 23 286
17 24 473
17 31 401
17 32 214
17 36 472
17 38 11
17 39 181
17 41 385
17 42 279
17 43 404
17 45 264
17 47 15
17 48 496
17 50 165
18 20 343
18 23 119
18 24 492
18 27 433
18 29 96
18 32 452
18 33 289
18 34 325
18 35 164
18 36 8
18 37 489
18 38 114
18 41 274
18 42 182
18 45 309
18 46 379
18 48 2
18 50 50
19 21 280
19 23 273
19 25 281
19 26 131
19 29 230
19 30 146
19 35 389
19 39 366
19 40 275
19 42 102
19 43 354
19 45 291
19 48 213
19 49 86
20 22 386
20 23 8
20 27 305
20 28 206
20 29 360
20 31 104
20 32 495
20 33 232
20 34 495
20 35 34
20 36 46
20 38 36
20 40 276
20 41 307
20 43 92
20 44 398
20 45 71
20 46 407
20 49 89
21 24 19
21 26 329
21 29 294
21 33 126
21 36 339
21 38 379
21 39 268
21 40 82
21 41 258
21 42 71
21 43 399
21 46 136
21 49 57
22 25 50
22 26 228
22 27 5
22 28 293
22 29 446
22 30 481
22 31 338
22 33 442
22 34 196
22 35 49
22 36 337
22 38 250
22 39 241
22 40 33
22 49 53
23 24 276
23 25 380
23 26 259
23 27 192
23 28 196
23 29 108
23 30 113
23 31 105
23 32 320
23 34 434
23 35 34
23 37 343
23 38 454
23 44 84
23 46 348
23 47 200
23 49 458
24 26 218
24 31 421
24 32 458
24 33 173
24 35 315
24 36 110
24 39 286
24 40 34
24 42 11
24 43 286
24 44 246
24 45 213
24 46 51
24 48 347
24 50 177
25 26 356
25 31 170
25 32 430
25 33 207
25 34 239
25 35 491
25 36 84
25 37 313
25 39 336
25 44 263
25 45 369
25 48 3
25 49 443
25 50 212
26 27 233
26 28 375
26 32 14
26 33 17
26 35 458
26 38 338
26 39 240
26 40 79
26 41 260
26 42 426
26 45 118
26 50 240
27 28 469
27 30 207
27 31 41
27 32 251
27 36 99
27 37 159
27 39 196
27 40 413
27 43 217
27 44 388
27 45 259
27 47 197
27 48 474
27 50 122
28 30 151
28 33 330
28 34 272
28 35 271
28 37 450
28 39 305
28 42 13
28 43 389
28 47 12
28 50 489
29 31 388
29 32 469
29 33 395
29 34 361
29 35 423
29 37 195
29 41 422
29 42 244
29 43 283
29 44 225
29 47 212
30 34 352
30 35 45
30 36 343
30 37 176
30 39 296
30 42 161
30 46 111
30 48 123
31 34 431
31 35 464
31 36 359
31 37 131
31 40 205
31 41 210
31 42 16
31 43 481
31 44 491
31 48 324
31 49 194
31 50 98
32 36 438
32 38 298
32 40 416
32 41 458
32 43 164
32 46 337
32 48 148
32 49 6
33 36 344
33 37 476
33 39 352
33 40 164
33 42 379
33 43 443
33 45 299
33 46 403
33 47 354
33 48 231
33 49 62
34 35 486
34 36 101
34 37 277
34 38 252
34 39 375
34 42 357
34 45 32
35 36 48
35 37 350
35 39 359
35 41 53
35 43 421
35 44 450
35 45 397
35 46 456
35 48 91
35 49 208
35 50 332
36 39 245
36 40 412
36 42 41
36 43 470
36 45 174
36 47 451
36 48 347
36 50 298
37 38 201
37 40 189
37 41 147
37 45 14
37 46 182
37 47 376
37 50 412
38 40 89
38 41 180
38 43 28
38 44 5
38 45 67
38 46 280
38 47 171
38 49 160
39 41 337
39 42 218
39 43 74
39 44 200
39 46 497
39 50 87
40 41 461
40 42 340
40 43 53
40 47 172
40 48 198
41 44 433
41 46 219
41 47 286
41 49 264
41 50 42
42 44 186
42 45 245
42 47 85
42 48 209
42 49 124
42 50 303
43 44 282
43 45 70
43 50 364
44 46 433
44 47 40
44 48 83
44 50 269
45 46 187
45 48 49
46 48 126
47 48 211
48 50 492
