50 628
1 3 55
1 4 39
1 5 68
1 6 294
1 7 120
1 8 476
1 9 434
1 10 270
1 14 443
1 15 31
1 17 299
1 18 115
1 19 92
1 21 424
1 23 67
1 24 42
1 25 207
1 26 497
1 27 357
1 28 4
1 32 237
1 33 424
1 35 455
1 36 61
1 37 98
1 39 190
1 40 302
1 41 46
1 42 457
1 43 484
1 44 294
1 45 370
1 47 79
1 48 184
1 50 268
2 3 473
2 5 301
2 7 399
2 9 366
2 11 35
2 13 269
2 15 143
2 16 230
2 17 389
2 19 446
2 22 239
2 24 309
2 25 313
2 30 298
2 33 192
2 34 40
2 37 43
2 39 50
2 40 460
2 41 160
2 45 47
2 47 355
2 48 370
2 50 337
3 4 23
3 5 154
3 7 193
3 8 450
3 10 6
3 11 92
3 15 211
3 17 240
3 19 64
3 20 346
3 22 494
3 24 331
3 26 2
3 29 37
3 31 387
3 32 271
3 33 83
3 34 178
3 36 293
3 38 311
3 39 24
3 40 210
3 42 86
3 46 305
3 48 149
3 49 325
3 50 297
4 5 289
4 9 304
4 11 387
4 13 180
4 14 438
4 16 239
4 17 95
4 18 490
4 19 250
4 22 187
4 23 196
4 24 231
4 27 371
4 30 303
4 31 251
4 34 456
4 35 453
4 37 76
4 39 218
4 41 208
4 42 75
4 45 54
4 46 270
4 47 476
4 48 185
4 49 403
4 50 45
5 8 182
5 11 315
5 12 280
5 13 35
5 15 365
5 16 259
5 18 126
5 20 180
5 22 68
5 24 253
5 25 208
5 27 416
5 29 98
5 30 466
5 31 202
5 32 442
5 34 86
5 39 184
5 44 33
5 45 233
5 46 358
6 7 87
6 8 251
6 10 473
6 16 273
6 21 336
6 23 45
6 25 84
6 28 199
6 29 251
6 30 278
6 31 337
6 37 123
6 38 172
6 40 402
6 42 182
6 45 397
6 46 7
6 47 96
7 8 255
7 10 92
7 11 374
7 12 229
7 13 148
7 14 272
7 17 354
7 19 266
7 21 189
7 23 363
7 26 76
7 27 56
7 29 310
7 30 130
7 33 149
7 35 21
7 36 420
7 37 12
7 38 327
7 40 94
7 41 402
7 46 474
7 48 218
7 49 196
8 9 219
8 10 492
8 12 418
8 13 436
8 14 396
8 15 258
8 18 95
8 20 431
8 25 79
8 26 190
8 27 435
8 28 172
8 29 204
8 30 429
8 31 360
8 32 494
8 33 27
8 35 250
8 36 366
8 41 398
8 42 444
8 43 316
8 44 337
8 45 119
8 46 346
8 47 173
8 48 256
9 11 180
9 12 499
9 13 217
9 15 338
9 16 291
9 17 295
9 18 128
9 20 443
9 22 118
9 24 241
9 26 85
9 27 157
9 28 342
9 32 491
9 35 86
9 36 467
9 37 395
9 38 153
9 40 169
9 41 156
9 43 51
9 44 128
9 45 108
9 46 153
9 48 218
9 49 147
10 12 232
10 13 23
10 14 47
10 16 354
10 17 466
10 18 149
10 19 478
10 21 346
10 23 309
10 27 493
10 28 279
10 29 164
10 32 340
10 36 385
10 37 140
10 38 331
10 40 309
10 44 300
10 45 316
10 46 214
10 47 412
10 48 163
11 13 290
11 16 124
11 18 144
11 20 252
11 22 62
11 23 420
11 24 252
11 26 429
11 27 68
11 29 229
11 30 477
11 31 229
11 33 137
11 34 295
11 38 378
11 40 187
11 44 188
11 46 439
11 47 215
11 48 136
11 49 291
11 50 474
12 18 67
12 19 408
12 21 286
12 22 316
12 26 399
12 27 327
12 29 324
12 30 20
12 32 310
12 36 207
12 37 224
12 38 163
12 42 55
12 43 270
12 44 272
12 45 133
12 47 237
12 48 75
12 49 143
12 50 299
13 16 77
13 17 339
13 18 49
13 19 367
13 22 136
13 24 216
13 25 494
13 26 335
13 29 364
13 30 305
13 31 184
13 32 74
13 36 2
13 40 135
13 46 433
13 49 20
13 50 280
14 20 45
14 21 93
14 22 490
14 23 427
14 24 47
14 30 62
14 31 92
14 34 475
14 35 470
14 37 29
14 38 57
14 39 315
14 41 359
14 44 487
14 47 85
14 48 457
14 49 49
15 18 163
15 19 331
15 20 90
15 23 412
15 24 112
15 25 58
15 28 63
15 31 120
15 33 360
15 35 186
15 38 142
15 39 409
15 40 177
15 41 335
15 42 190
15 44 25
15 49 66
16 18 240
16 20 294
16 22 305
16 23 417
16 24 315
16 30 230
16 33 203
16 36 80
16 37 332
16 38 39
16 39 83
16 41 374
16 43 319
16 44 163
16 46 172
16 47 341
16 48 25
17 18 238
17 19 406
17 20 259
17 22 85
17 23 239
17 28 477
17 29 127
17 30 366
17 33 476
17 36 150
17 38 92
17 40 198
17 41 320
17 43 316
17 48 441
17 49 392
17 50 391
18 19 405
18 20 112
18 23 313
18 24 395
18 25 420
18 28 436
18 33 429
18 34 156
18 40 126
18 42 354
18 44 94
18 45 209
18 46 362
18 47 167
18 49 463
19 24 222
19 25 111
19 27 58
19 28 116
19 29 182
19 33 99
19 34 491
19 35 385
19 37 479
19 40 369
19 44 28
19 45 5
19 46 148
19 47 165
20 22 458
20 23 417
20 24 439
20 26 103
20 27 323
20 28 107
20 30 362
20 33 441
20 34 134
20 39 308
20 40 53
20 41 449
20 42 123
20 43 295
20 44 243
20 47 115
20 49 251
21 23 397
21 24 449
21 26 196
21 27 328
21 29 414
21 30 484
21 33 72
21 36 281
21 37 335
21 39 64
21 42 325
22 25 313
22 27 262
22 28 439
22 29 15
22 31 295
22 33 28
22 34 366
22 36 111
22 38 285
22 43 3
22 44 48
22 45 494
22 50 147
23 24 125
23 25 464
23 29 364
23 31 376
23 33 252
23 34 114
23 37 71
23 38 62
23 39 245
23 40 464
23 41 185
23 45 323
23 47 225
23 50 353
24 25 351
24 28 46
24 30 436
24 31 496
24 32 150
24 41 156
24 43 478
24 44 101
24 47 121
24 49 472
25 27 331
25 28 402
25 29 231
25 30 467
25 35 204
25 36 246
25 37 205
25 38 99
25 39 94
25 41 52
25 42 98
25 43 141
25 45 181
25 47 429
26 27 430
26 29 176
26 33 463
26 34 48
26 37 83
26 40 210
26 41 226
26 43 286
26 44 293
26 45 250
26 48 183
27 28 242
27 37 386
27 39 61
27 40 175
27 43 349
27 46 55
27 47 212
27 48 42
28 30 32
28 31 326
28 32 52
28 33 329
28 34 217
28 35 322
28 40 364
28 43 212
28 45 71
28 47 389
28 48 35
28 50 66
29 31 311
29 32 167
29 33 244
29 35 344
29 36 408
29 40 163
29 44 59
29 45 82
29 46 112
29 48 155
29 49 159
29 50 155
30 31 330
30 32 142
30 33 160
30 34 158
30 36 286
30 37 396
30 38 257
30 39 4
30 40 220
30 50 410
31 32 15
31 33 329
31 34 482
31 35 85
31 36 211
31 37 287
31 38 42
31 43 50
31 44 148
31 46 198
31 47 11
31 48 12
32 33 170
32 37 224
32 38 20
32 39 242
32 42 403
32 43 348
32 46 260
32 47 454
32 48 312
32 49 43
32 50 285
33 34 316
33 37 137
33 38 494
33 42 73
33 43 269
33 49 498
33 50 160
34 36 392
34 38 419
34 40 236
34 41 202
34 42 278
34 44 96
34 45 155
34 46 415
34 48 442
34 50 488
35 39 214
35 42 297
35 43 484
35 47 225
35 50 11
36 37 387
36 38 87
36 39 55
36 47 63
36 49 276
36 50 252
37 38 359
37 40 325
37 41 326
37 42 264
37 46 299
37 47 252
37 50 86
38 39 316
38 44 346
38 50 21
39 45 129
39 46 128
39 47 70
40 44 178
40 49 29
40 50 9
41 43 108
41 47 330
41 48 122
41 49 191
41 50 441
42 45 214
42 46 39
42 47 438
42 48 456
42 50 237
43 44 43
43 47 87
43 50 496
44 46 145
44 49 339
44 50 150
45 47 363
45 49 158
45 50 21
46 47 145
48 50 230
49 50 253
