50 631
1 2 217
1 5 293
1 11 113
1 13 81
1 15 297
1 16 89
1 18 75
1 20 395
1 23 244
1 25 388
1 26 471
1 27 42
1 32 197
1 34 357
1 36 312
1 41 349
1 42 186
1 43 8
1 46 73
1 47 380
1 50 418
2 3 55
2 4 214
2 11 56
2 12 339
2 13 204
2 15 167
2 17 495
2 18 491
2 23 56
2 24 346
2 25 92
2 26 254
2 27 237
2 28 58
2 30 391
2 32 262
2 33 150
2 34 276
2 35 156
2 39 335
2 43 394
2 45 18
2 49 244
3 4 353
3 5 79
3 6 334
3 11 222
3 12 286
3 18 284
3 19 96
3 21 19
3 22 321
3 23 106
3 24 332
3 26 188
3 30 173
3 31 157
3 32 306
3 33 352
3 36 498
3 38 301
3 43 18
3 45 295
3 50 438
4 5 132
4 7 289
4 8 467
4 11 487
4 12 287
4 13 201
4 14 478
4 16 2
4 17 444
4 20 437
4 22 11
4 23 394
4 24 105
4 32 287
4 36 38
4 38 238
4 39 211
4 40 381
4 43 312
4 44 228
4 50 288
5 9 369
5 10 59
5 14 411
5 16 86
5 18 74
5 19 125
5 20 400
5 23 250
5 24 490
5 26 56
5 27 202
5 30 268
5 37 435
5 40 434
5 43 325
5 44 238
5 47 312
5 49 361
6 8 95
6 9 172
6 14 81
6 15 232
6 16 132
6 19 108
6 22 287
6 25 10
6 27 370
6 28 198
6 29 329
6 31 144
6 33 94
6 34 489
6 35 47
6 38 141
6 42 54
6 43 81
6 45 284
6 46 172
6 50 434
7 9 130
7 10 108
7 12 326
7 16 23
7 17 487
7 18 106
7 23 71
7 24 156
7 25 53
7 27 114
7 29 317
7 30 135
7 34 415
7 35 368
7 36 490
7 39 380
7 41 349
7 42 16
7 43 344
7 45 397
7 46 279
7 47 229
7 48 378
8 10 190
8 11 475
8 12 220
8 13 3
8 14 299
8 16 94
8 17 70
8 20 169
8 24 238
8 26 21
8 27 27
8 28 287
8 29 390
8 30 99
8 31 196
8 33 5
8 39 170
8 40 51
8 41 353
8 44 246
8 46 133
8 47 458
9 12 387
9 15 53
9 16 63
9 17 419
9 18 308
9 19 38
9 21 169
9 22 439
9 27 362
9 31 8
9 32 58
9 33 197
9 38 275
9 39 358
9 41 443
9 42 254
9 44 422
9 46 285
9 48 357
10 12 53
10 13 416
10 15 310
10 16 323
10 18 98
10 20 69
10 21 85
10 22 151
10 26 97
10 28 159
10 29 189
10 30 287
10 31 459
10 33 356
10 36 421
10 37 50
10 39 424
10 42 385
10 45 318
10 48 206
10 50 172
11 12 415
11 15 121
11 16 53
11 19 204
11 21 31
11 25 77
11 29 405
11 30 283
11 31 127
11 32 429
11 33 437
11 34 250
11 36 123
11 37 243
11 38 270
11 40 12
11 41 342
11 42 210
11 44 435
11 45 445
11 46 331
11 47 287
11 49 53
11 50 405
12 14 155
12 15 454
12 16 89
12 17 217
12 18 421
12 19 292
12 20 369
12 24 483
12 26 409
12 32 225
12 33 61
12 34 265
12 39 168
12 46 38
12 47 132
12 48 49
12 49 298
13 14 153
13 15 320
13 16 470
13 17 492
13 18 344
13 19 119
13 20 10
13 21 240
13 22 183
13 23 208
13 26 126
13 29 384
13 30 59
13 32 205
13 39 343
13 42 9
13 45 465
13 50 284
14 15 12
14 16 331
14 19 21
14 20 20
14 21 343
14 26 320
14 27 96
14 30 290
14 31 28
14 34 335
14 35 311
14 40 491
14 41 442
14 42 296
14 44 416
14 45 348
14 46 475
14 47 333
14 48 296
14 50 429
15 17 235
15 18 67
15 19 355
15 20 183
15 23 470
15 24 459
15 27 376
15 28 408
15 29 256
15 30 5
15 31 202
15 32 480
15 33 55
15 36 242
15 38 308
15 40 465
15 43 429
15 45 388
15 46 251
15 47 352
15 49 353
15 50 432
16 17 362
16 18 108
16 21 32
16 22 306
16 24 312
16 25 407
16 28 208
16 29 367
16 30 317
16 31 236
16 35 162
16 36 354
16 38 461
16 39 299
16 43 247
16 44 407
16 49 81
17 22 15
17 23 461
17 27 431
17 28 393
17 29 121
17 32 191
17 34 401
17 37 317
17 38 391
17 40 420
17 41 278
17 42 228
17 43 446
17 48 36
17 49 353
18 19 24
18 20 268
18 22 450
18 25 480
18 26 139
18 27 227
18 28 447
18 29 459
18 30 321
18 31 464
18 33 295
18 36 234
18 40 487
18 42 410
18 43 452
18 44 396
18 50 351
19 21 88
19 22 228
19 24 329
19 25 12
19 27 92
19 28 210
19 29 357
19 30 379
19 31 341
19 34 308
19 36 39
19 39 85
19 40 400
19 41 27
19 45 25
19 46 223
19 48 92
20 21 411
20 23 232
20 25 318
20 26 422
20 27 232
20 29 316
20 33 319
20 34 245
20 36 310
20 37 161
20 40 304
20 45 371
20 46 469
21 23 88
21 25 356
21 28 29
21 29 174
21 31 112
21 33 254
21 34 176
21 37 223
21 38 378
21 41 136
21 42 363
21 43 137
21 45 334
21 48 161
21 50 221
22 27 96
22 29 271
22 30 4
22 31 23
22 33 270
22 34 278
22 36 193
22 37 364
22 40 70
22 41 228
22 43 76
22 44 342
22 45 380
22 46 24
22 48 322
22 50 122
23 24 5
23 32 56
23 34 287
23 35 402
23 38 57
23 39 382
23 42 114
23 45 119
23 46 155
23 47 42
23 50 496
24 25 272
24 26 244
24 31 396
24 36 406
24 37 335
24 38 458
24 40 78
24 41 329
24 44 60
24 48 65
24 50 423
25 26 88
25 28 346
25 29 298
25 30 172
25 31 451
25 32 3
25 33 498
25 34 43
25 36 415
25 37 49
25 38 319
25 41 153
25 42 208
25 44 73
25 45 497
25 46 468
25 47 486
25 48 278
25 49 423
25 50 402
26 27 456
26 30 137
26 31 288
26 32 154
26 33 22
26 36 407
26 37 497
26 39 258
26 43 279
26 45 57
26 49 260
27 29 363
27 31 428
27 33 304
27 34 363
27 35 437
27 36 332
27 40 351
27 41 260
27 44 484
27 45 187
27 46 132
27 49 484
27 50 411
28 29 119
28 30 44
28 31 20
28 32 129
28 34 15
28 35 396
28 39 444
28 40 313
28 41 216
28 42 369
28 47 256
28 48 345
28 49 50
29 30 346
29 33 276
29 35 449
29 36 65
29 38 9
29 40 372
29 42 382
29 44 63
29 45 61
29 46 127
29 47 486
29 50 415
30 33 50
30 36 486
30 37 457
30 39 190
30 41 337
30 44 47
30 45 35
30 48 205
30 49 466
31 33 281
31 34 433
31 35 422
31 36 232
31 38 218
31 40 46
31 42 382
31 43 150
31 44 429
31 45 371
31 46 445
31 47 78
32 33 267
32 34 272
32 35 232
32 36 320
32 37 3
32 38 243
32 40 110
32 41 227
32 43 251
32 46 255
32 47 412
32 48 252
32 49 23
32 50 225
33 37 479
33 38 490
33 40 436
33 42 312
33 43 376
33 47 134
33 49 440
34 36 42
34 39 355
34 41 295
34 42 82
34 43 57
34 44 160
34 45 72
34 46 110
34 50 362
35 36 123
35 38 181
35 39 322
35 40 94
35 44 112
35 46 350
35 47 34
35 49 470
36 37 170
36 38 450
36 40 43
36 41 403
36 42 331
36 44 383
36 45 111
36 48 40
36 49 151
37 38 2
37 39 240
37 40 7
37 41 98
37 42 158
37 44 394
37 47 471
37 48 101
37 50 483
38 41 235
38 42 55
38 45 72
38 46 438
38 48 444
39 45 221
39 46 483
39 47 55
39 50 386
40 41 331
40 42 218
40 43 485
40 44 479
40 45 194
40 46 422
40 50 103
41 42 139
41 45 33
41 47 263
41 49 402
42 47 68
42 48 40
42 49 16
42 50 20
43 47 449
43 48 350
43 50 488
44 45 475
44 47 401
44 48 201
44 49 410
45 48 194
45 49 52
45 50 87
46 47 364
46 48 102
46 49 94
46 50 43
47 48 107
47 50 96
48 49 118
49 50 297
