50 638
1 2 63
1 3 23
1 4 248
1 5 293
1 6 355
1 8 211
1 9 77
1 10 33
1 12 269
1 15 492
1 17 191
1 18 154
1 19 76
1 21 340
1 23 141
1 26 63
1 30 337
1 32 53
1 33 75
1 34 237
1 35 369
1 36 345
1 38 276
1 39 327
1 41 461
1 42 140
1 44 280
1 46 273
1 49 475
1 50 92
2 4 28
2 5 66
2 6 125
2 8 477
2 9 130
2 13 84
2 14 391
2 17 267
2 18 191
2 21 360
2 22 378
2 23 35
2 24 48
2 27 83
2 29 211
2 30 304
2 31 126
2 32 114
2 35 347
2 36 280
2 40 258
2 41 258
2 42 216
2 44 251
2 47 274
2 49 183
3 4 497
3 5 99
3 6 354
3 8 201
3 11 327
3 12 231
3 13 479
3 15 195
3 16 371
3 17 55
3 19 329
3 20 62
3 21 18
3 23 138
3 25 396
3 27 496
3 30 484
3 34 79
3 37 5
3 39 185
3 40 165
3 41 305
3 43 7
3 45 24
3 46 198
3 48 150
4 6 259
4 7 407
4 11 33
4 13 252
4 14 302
4 15 130
4 16 361
4 19 390
4 21 414
4 23 353
4 25 61
4 26 268
4 27 439
4 31 69
4 33 219
4 35 331
4 38 214
4 39 490
4 40 377
4 41 295
4 43 425
4 44 361
4 50 148
5 6 206
5 12 321
5 13 249
5 14 263
5 19 230
5 22 329
5 24 191
5 25 57
5 28 233
5 30 399
5 31 216
5 32 227
5 33 43
5 35 363
5 41 361
5 42 60
5 43 36
5 46 357
5 48 453
5 49 254
5 50 160
6 9 344
6 10 310
6 11 28
6 12 217
6 13 186
6 14 150
6 15 403
6 16 482
6 18 64
6 23 257
6 25 80
6 26 229
6 29 284
6 30 164
6 31 96
6 33 281
6 35 181
6 36 145
6 41 111
6 44 382
6 46 461
6 50 378
7 9 319
7 11 255
7 14 424
7 16 69
7 19 297
7 21 422
7 23 304
7 24 275
7 27 77
7 29 393
7 31 81
7 32 246
7 34 311
7 35 216
7 37 69
7 38 358
7 39 82
7 41 248
7 44 214
7 48 80
8 10 249
8 12 287
8 14 275
8 15 185
8 18 252
8 20 462
8 24 209
8 27 121
8 30 336
8 31 68
8 32 135
8 40 160
8 41 47
8 44 286
8 47 182
8 48 368
9 10 165
9 12 174
9 14 241
9 15 156
9 18 103
9 19 330
9 20 343
9 21 105
9 22 120
9 23 1
9 28 439
9 29 140
9 31 87
9 34 80
9 35 486
9 36 83
9 38 306
9 40 186
9 42 406
9 43 317
9 45 436
9 46 209
9 49 248
9 50 172
10 11 192
10 12 341
10 14 327
10 16 433
10 19 73
10 20 205
10 21 234
10 22 217
10 23 329
10 24 246
10 25 377
10 26 184
10 27 58
10 29 83
10 32 190
10 34 461
10 36 389
10 39 113
10 41 423
10 42 214
10 44 320
10 47 106
10 50 302
11 12 70
11 14 102
11 15 260
11 16 64
11 18 425
11 19 259
11 20 295
11 21 154
11 22 72
11 24 489
11 25 85
11 26 284
11 27 18
11 28 475
11 29 134
11 31 139
11 32 481
11 33 473
11 38 414
11 39 379
11 44 102
11 47 109
11 48 262
11 50 94
12 14 228
12 15 434
12 17 185
12 18 468
12 19 11
12 22 7
12 25 95
12 28 180
12 34 165
12 36 34
12 39 360
12 42 9
12 43 256
12 45 382
12 49 247
13 15 256
13 18 116
13 22 493
13 23 195
13 24 116
13 25 2
13 26 228
13 27 303
13 28 80
13 30 461
13 31 101
13 32 408
13 36 307
13 37 183
13 38 394
13 39 237
13 40 93
13 41 307
13 42 386
13 43 3
13 44 408
13 45 416
13 48 4
14 15 173
14 16 435
14 18 294
14 19 436
14 23 102
14 24 494
14 25 405
14 27 497
14 29 483
14 31 486
14 34 410
14 35 251
14 42 295
14 43 39
14 44 191
14 45 208
14 48 449
14 49 155
14 50 373
15 18 252
15 19 482
15 20 26
15 21 214
15 23 230
15 26 283
15 28 497
15 29 361
15 30 23
15 35 383
15 40 92
15 41 358
15 43 72
15 45 302
15 46 212
15 47 470
15 48 288
15 50 149
16 17 393
16 24 445
16 25 154
16 28 498
16 30 70
16 31 363
16 32 129
16 33 286
16 34 386
16 35 291
16 36 271
16 38 363
16 39 127
16 44 386
16 45 225
16 49 246
17 21 261
17 22 465
17 23 167
17 27 81
17 29 221
17 31 255
17 32 398
17 33 114
17 35 116
17 40 213
17 46 226
17 47 407
17 49 487
17 50 340
18 19 402
18 20 240
18 24 146
18 25 22
18 26 271
18 31 251
18 34 464
18 36 149
18 37 415
18 39 255
18 42 139
18 43 80
18 44 266
18 45 328
18 47 377
18 49 477
18 50 399
19 20 338
19 21 167
19 22 449
19 23 364
19 25 369
19 26 141
19 30 349
19 31 181
19 33 224
19 37 301
19 38 303
19 39 394
19 40 62
19 41 318
19 43 267
19 44 41
19 45 10
19 46 446
19 47 497
20 21 196
20 22 228
20 23 195
20 24 210
20 25 494
20 26 328
20 28 167
20 33 84
20 34 46
20 35 265
20 36 181
20 37 12
20 38 38
20 40 42
20 41 263
20 43 235
20 44 144
20 46 433
20 49 280
20 50 67
21 22 222
21 23 36
21 24 22
21 29 105
21 31 146
21 33 193
21 36 281
21 39 146
21 44 380
21 46 102
21 48 407
21 49 391
22 27 132
22 28 229
22 31 313
22 32 94
22 33 189
22 34 300
22 35 195
22 38 133
22 39 382
22 40 474
22 41 7
22 43 62
22 44 145
22 48 430
22 49 273
22 50 340
23 24 413
23 25 166
23 26 115
23 29 55
23 34 164
23 35 338
23 38 10
23 39 206
23 42 438
23 45 194
23 47 138
23 49 269
23 50 102
24 27 293
24 28 331
24 30 456
24 32 404
24 34 414
24 36 163
24 37 190
24 38 263
24 39 151
24 41 457
24 42 379
24 43 452
24 45 361
24 46 172
24 49 258
25 27 491
25 28 116
25 32 255
25 36 129
25 37 205
25 40 16
25 41 431
25 44 339
25 45 96
25 47 57
25 50 395
26 27 487
26 28 417
26 29 363
26 30 252
26 31 401
26 36 423
26 41 9
26 45 462
26 48 80
26 50 355
27 29 495
27 31 163
27 32 361
27 33 431
27 34 480
27 35 95
27 36 168
27 38 287
27 39 36
27 40 310
27 41 85
27 43 325
27 44 476
27 45 177
27 47 33
27 48 124
27 49 75
28 29 461
28 30 204
28 31 190
28 34 267
28 37 87
28 39 486
28 41 361
28 42 18
28 43 242
28 44 348
28 48 416
29 31 146
29 32 401
29 34 445
29 35 205
29 36 362
29 37 389
29 38 334
29 39 487
29 40 134
29 41 418
29 42 151
29 44 303
29 46 202
29 49 162
30 32 175
30 33 384
30 35 246
30 36 302
30 37 237
30 38 137
30 40 162
30 44 108
30 49 23
31 33 157
31 35 85
31 37 151
31 38 497
31 39 323
31 41 434
31 42 78
31 45 487
31 49 232
31 50 153
32 36 279
32 37 140
32 38 316
32 39 388
32 41 472
32 42 273
32 45 324
32 46 470
32 47 363
32 48 215
33 34 118
33 36 270
33 37 396
33 38 387
33 40 305
33 42 136
33 43 320
33 44 43
33 46 12
33 48 41
34 39 188
34 43 202
34 45 133
34 46 238
34 48 420
34 50 491
35 36 294
35 37 489
35 39 426
35 44 331
35 45 453
35 49 120
36 38 141
36 39 172
36 40 161
36 41 353
36 43 122
36 45 433
36 46 207
36 48 311
36 49 275
37 40 131
37 41 395
37 45 475
37 46 222
37 49 304
38 41 136
38 43 471
38 45 308
38 46 93
38 47 465
38 48 19
38 49 255
38 50 494
39 44 182
39 46 37
39 48 119
39 49 465
39 50 298
40 42 379
40 44 190
40 46 282
40 50 420
41 42 163
41 43 55
41 44 484
41 46 36
41 49 446
42 46 305
42 48 184
42 49 104
43 46 415
43 47 70
43 48 474
43 49 117
44 45 266
44 49 72
45 48 227
46 47 277
46 48 155
46 49 265
47 49 296
47 50 322
48 50 60
