50 633
1 2 161
1 3 130
1 6 12
1 7 240
1 9 157
1 10 485
1 11 186
1 12 72
1 15 416
1 16 223
1 20 422
1 21 224
1 22 327
1 24 101
1 26 336
1 27 33
1 28 389
1 30 116
1 31 475
1 32 153
1 35 411
1 37 135
1 38 259
1 39 94
1 40 259
1 42 364
1 43 323
1 44 250
1 45 301
1 47 299
1 48 18
1 49 42
1 50 489
2 3 211
2 4 417
2 9 397
2 10 174
2 12 266
2 13 154
2 16 432
2 19 194
2 20 103
2 25 436
2 26 332
2 27 123
2 30 252
2 32 163
2 33 46
2 34 332
2 35 435
2 36 215
2 37 407
2 38 336
2 39 26
2 40 96
2 41 113
2 45 19
2 47 141
2 48 156
2 49 187
2 50 100
3 4 377
3 6 90
3 10 232
3 12 257
3 14 90
3 15 277
3 17 310
3 22 39
3 24 134
3 26 11
3 27 145
3 29 45
3 30 327
3 31 236
3 32 310
3 33 367
3 34 283
3 36 279
3 39 336
3 40 229
3 42 179
3 43 321
3 46 338
3 48 382
3 49 6
4 5 159
4 7 468
4 11 355
4 14 175
4 15 200
4 16 173
4 17 219
4 18 454
4 20 41
4 22 413
4 25 42
4 26 179
4 27 18
4 28 169
4 30 92
4 32 133
4 34 307
4 40 134
4 42 233
4 44 392
4 45 296
4 48 411
4 49 275
4 50 97
5 6 491
5 9 448
5 12 289
5 16 212
5 17 159
5 18 36
5 20 268
5 21 392
5 22 278
5 23 371
5 24 162
5 25 39
5 28 225
5 29 41
5 30 444
5 32 109
5 33 200
5 35 359
5 36 110
5 38 377
5 41 92
5 43 241
5 44 467
5 49 469
5 50 90
6 10 292
6 17 167
6 19 253
6 21 304
6 24 429
6 25 223
6 26 366
6 27 59
6 30 445
6 31 325
6 35 76
6 36 186
6 38 377
6 39 263
6 43 315
6 44 471
6 48 363
6 49 295
6 50 143
7 15 200
7 16 446
7 17 395
7 18 38
7 19 448
7 21 263
7 24 355
7 25 23
7 27 388
7 28 95
7 32 233
7 33 330
7 34 362
7 37 121
7 40 396
7 41 424
7 43 465
7 44 363
7 46 24
7 47 210
7 48 177
7 49 22
7 50 210
8 10 317
8 12 491
8 13 43
8 14 249
8 16 423
8 20 294
8 21 255
8 22 159
8 23 30
8 24 374
8 26 240
8 28 395
8 29 31
8 33 103
8 34 409
8 41 170
8 43 459
8 44 345
8 46 281
8 47 400
8 49 65
9 10 426
9 16 258
9 20 79
9 21 85
9 24 467
9 25 156
9 27 275
9 30 198
9 31 171
9 34 146
9 36 62
9 38 496
9 39 20
9 41 446
9 44 55
9 45 132
9 46 169
9 48 47
10 11 470
10 12 111
10 14 27
10 20 189
10 21 380
10 23 399
10 24 97
10 30 487
10 31 157
10 36 208
10 37 84
10 38 178
10 41 27
10 42 396
10 43 234
10 45 6
10 46 207
10 49 116
11 12 48
11 14 265
11 19 411
11 23 165
11 24 421
11 25 126
11 27 299
11 29 480
11 31 37
11 32 425
11 35 125
11 37 107
11 39 310
11 40 16
11 41 62
11 44 205
11 50 376
12 13 110
12 15 86
12 24 181
12 25 388
12 27 449
12 32 486
12 33 348
12 35 224
12 36 339
12 38 203
12 39 41
12 40 4
12 41 202
12 42 232
12 44 190
12 48 266
12 50 31
13 14 170
13 19 170
13 20 69
13 21 66
13 22 257
13 23 9
13 24 387
13 27 86
13 28 248
13 30 382
13 32 403
13 33 488
13 36 140
13 37 270
13 39 368
13 41 245
13 42 6
13 43 261
13 44 114
13 45 217
13 46 188
13 49 124
13 50 404
14 16 393
14 17 59
14 18 373
14 19 459
14 21 105
14 23 349
14 25 380
14 27 494
14 29 471
14 31 110
14 33 498
14 34 386
14 35 252
14 36 426
14 37 216
14 38 400
14 39 347
14 40 252
14 41 131
14 42 444
14 46 242
14 49 118
15 16 200
15 18 86
15 20 206
15 22 422
15 25 232
15 29 296
15 30 28
15 31 407
15 32 291
15 35 221
15 36 346
15 38 46
15 39 474
15 41 118
15 44 37
15 48 451
15 49 344
15 50 62
16 17 33
16 23 200
16 24 106
16 29 256
16 31 151
16 32 76
16 35 334
16 36 315
16 37 227
16 38 296
16 40 135
16 42 369
16 43 477
16 46 496
16 50 26
17 18 54
17 23 277
17 25 316
17 26 4
17 27 267
17 30 426
17 31 489
17 34 433
17 35 164
17 39 54
17 41 292
17 42 309
17 43 251
17 44 311
17 45 493
17 46 398
17 50 467
18 19 499
18 27 47
18 28 269
18 29 350
18 30 119
18 32 189
18 35 488
18 37 284
18 38 76
18 39 481
18 40 58
18 43 220
18 46 358
18 48 182
18 50 247
19 21 366
19 22 418
19 23 443
19 25 442
19 26 209
19 27 260
19 28 6
19 29 113
19 30 129
19 31 280
19 32 439
19 34 297
19 35 315
19 36 455
19 37 33
19 43 356
19 45 160
19 47 352
19 48 139
19 50 251
20 25 408
20 27 482
20 32 241
20 35 327
20 36 87
20 38 299
20 42 287
20 44 40
20 49 249
21 23 154
21 27 23
21 29 127
21 30 433
21 32 99
21 33 159
21 34 379
21 36 443
21 38 482
21 39 123
21 42 80
21 43 401
21 46 120
21 48 419
21 49 153
22 29 433
22 30 357
22 31 396
22 33 296
22 34 246
22 35 28
22 37 26
22 39 422
22 40 173
22 41 429
22 42 166
22 45 217
22 47 130
22 48 394
22 50 68
23 25 142
23 30 231
23 33 303
23 34 202
23 40 32
23 41 176
23 42 306
23 50 21
24 25 73
24 26 254
24 30 387
24 33 205
24 38 471
24 39 213
24 42 465
24 43 65
24 44 426
24 46 471
24 47 105
24 48 364
24 50 450
25 26 495
25 28 478
25 29 303
25 30 306
25 33 8
25 34 204
25 37 305
25 38 413
25 39 311
25 40 259
25 41 214
25 44 415
25 45 148
25 47 42
25 48 423
25 49 23
26 27 60
26 28 413
26 29 93
26 30 331
26 32 74
26 33 112
26 35 496
26 36 288
26 37 169
26 39 160
26 40 151
26 41 114
26 42 98
26 46 267
26 47 55
26 50 448
27 29 409
27 32 350
27 33 19
27 36 79
27 41 207
27 42 131
27 44 274
27 47 310
27 49 250
28 30 337
28 31 347
28 33 480
28 34 474
28 38 380
28 42 63
28 44 147
28 45 483
28 46 433
28 47 116
28 49 365
29 31 25
29 33 336
29 34 456
29 35 27
29 36 384
29 37 396
29 40 149
29 41 90
29 43 14
29 44 360
29 45 372
29 46 435
29 48 300
29 49 485
29 50 486
30 31 140
30 32 221
30 33 338
30 34 115
30 35 294
30 36 431
30 37 39
30 38 101
30 41 418
30 43 16
30 45 450
30 47 28
30 50 260
31 32 103
31 34 476
31 36 49
31 38 360
31 39 316
31 40 287
31 47 419
31 48 3
31 49 466
32 35 359
32 36 143
32 37 137
32 39 112
32 44 406
32 45 385
32 46 455
33 35 183
33 38 460
33 40 165
33 41 322
33 43 99
33 45 235
33 46 286
33 47 427
33 48 498
33 50 232
34 36 450
34 37 164
34 38 264
34 39 391
34 40 82
34 41 239
34 42 272
34 45 436
34 46 340
34 47 37
34 49 241
35 36 209
35 43 102
35 45 492
35 46 415
35 47 246
35 48 175
35 49 75
36 37 19
36 40 244
36 45 324
36 46 22
36 47 232
36 48 496
37 38 391
37 40 121
37 42 125
37 43 367
37 47 223
37 49 340
37 50 306
38 39 147
38 40 115
38 42 438
38 43 115
38 46 228
38 47 325
38 49 445
39 41 246
39 42 318
39 44 123
40 48 20
40 49 284
41 42 226
41 43 3
41 45 420
41 46 145
41 47 39
41 49 357
41 50 496
42 46 455
42 47 469
42 49 162
42 50 435
43 44 482
43 45 151
43 46 420
43 47 304
43 50 2
44 47 43
44 49 177
45 46 433
45 48 401
46 47 473
46 49 25
46 50 453
47 48 280
47 50 200
48 49 368
