50 660
1 2 480
1 4 344
1 9 22
1 10 367
1 11 397
1 18 247
1 19 481
1 22 172
1 23 413
1 24 262
1 25 151
1 26 422
1 28 220
1 32 179
1 33 270
1 37 384
1 38 171
1 40 483
1 41 30
1 42 438
1 43 11
1 44 42
1 45 239
1 47 438
1 48 218
1 49 126
1 50 486
2 3 480
2 5 152
2 8 268
2 9 129
2 10 259
2 11 295
2 12 258
2 14 235
2 15 268
2 16 456
2 19 30
2 20 149
2 21 270
2 22 326
2 25 247
2 27 131
2 28 31
2 30 159
2 31 229
2 32 240
2 33 9
2 34 362
2 35 349
2 36 381
2 38 410
2 40 434
2 44 314
3 4 282
3 6 486
3 9 65
3 10 288
3 12 169
3 13 390
3 14 56
3 15 14
3 16 129
3 17 93
3 19 53
3 21 144
3 22 119
3 26 409
3 27 190
3 28 167
3 30 454
3 32 124
3 34 202
3 36 230
3 38 172
3 39 321
3 40 363
3 43 359
3 45 167
3 46 196
3 47 69
3 48 458
3 49 417
4 5 153
4 6 367
4 7 48
4 10 142
4 13 27
4 15 438
4 17 210
4 18 184
4 21 13
4 27 471
4 30 479
4 34 484
4 35 326
4 36 264
4 38 137
4 42 373
4 44 163
4 45 246
4 46 400
4 47 456
4 49 149
4 50 497
5 10 201
5 12 28
5 14 390
5 17 205
5 18 264
5 19 378
5 20 181
5 21 77
5 22 400
5 23 22
5 25 170
5 27 88
5 28 90
5 29 169
5 30 183
5 31 165
5 35 276
5 38 356
5 40 409
5 42 373
5 44 27
5 46 426
5 48 260
6 7 7
6 8 412
6 9 216
6 12 115
6 13 125
6 18 413
6 21 245
6 22 369
6 24 241
6 26 71
6 28 77
6 31 444
6 32 72
6 33 449
6 37 109
6 38 13
6 41 336
6 43 426
6 44 49
6 45 161
6 46 306
6 47 138
6 50 414
7 8 242
7 9 202
7 11 428
7 16 215
7 17 363
7 18 68
7 23 231
7 25 364
7 33 170
7 34 140
7 37 53
7 38 263
7 40 477
7 44 121
7 46 489
8 10 279
8 11 228
8 14 233
8 15 95
8 16 421
8 17 246
8 20 438
8 21 174
8 22 482
8 23 146
8 24 392
8 25 147
8 26 359
8 32 18
8 33 64
8 34 16
8 35 478
8 36 309
8 38 271
8 39 94
8 41 353
8 43 234
8 44 450
8 45 221
8 47 148
8 48 297
8 49 272
8 50 413
9 10 198
9 12 453
9 15 5
9 16 77
9 18 244
9 19 474
9 21 219
9 22 342
9 23 426
9 25 12
9 26 273
9 27 16
9 29 491
9 30 448
9 31 453
9 32 262
9 35 399
9 38 11
9 39 495
9 41 491
9 44 333
9 45 351
9 48 460
9 50 412
10 11 256
10 14 184
10 15 62
10 18 381
10 20 154
10 21 179
10 22 277
10 23 354
10 25 482
10 28 247
10 30 160
10 34 23
10 35 196
10 38 64
10 39 459
10 42 92
10 45 434
10 47 416
10 48 180
10 50 395
11 12 464
11 13 329
11 14 450
11 15 30
11 18 135
11 20 372
11 21 313
11 23 393
11 24 331
11 28 248
11 30 54
11 31 422
11 32 275
11 34 3
11 38 299
11 39 144
11 42 268
11 43 166
11 48 417
11 50 17
12 13 193
12 15 288
12 17 340
12 18 455
12 21 47
12 22 400
12 23 334
12 24 95
12 27 110
12 28 114
12 32 355
12 35 317
12 37 382
12 38 281
12 39 132
12 42 392
12 44 70
12 45 478
12 47 421
12 48 427
13 14 414
13 16 215
13 18 309
13 19 460
13 20 167
13 21 191
13 23 33
13 24 202
13 25 450
13 26 249
13 27 473
13 28 405
13 30 213
13 32 128
13 33 88
13 36 207
13 38 397
13 39 139
13 40 259
13 44 374
13 45 476
13 47 227
13 49 79
14 15 423
14 16 300
14 17 226
14 18 160
14 20 386
14 21 141
14 23 47
14 24 166
14 28 75
14 29 442
14 30 170
14 32 240
14 35 296
14 37 373
14 39 293
14 43 406
14 47 140
14 48 261
14 49 148
15 17 139
15 18 17
15 23 415
15 24 479
15 25 488
15 26 362
15 28 155
15 29 398
15 30 469
15 32 312
15 33 342
15 38 229
15 39 203
15 44 339
15 45 379
16 17 43
16 18 61
16 20 30
16 21 290
16 22 146
16 23 356
16 24 88
16 30 391
16 31 182
16 32 120
16 34 397
16 35 40
16 38 298
16 41 424
16 42 128
16 43 411
16 44 179
16 45 71
16 47 382
16 48 39
16 49 458
16 50 96
17 18 135
17 19 354
17 22 68
17 23 243
17 24 360
17 27 479
17 29 255
17 31 16
17 34 124
17 35 104
17 37 420
17 40 314
17 41 480
17 42 173
17 49 498
17 50 48
18 20 151
18 21 352
18 22 30
18 23 28
18 26 426
18 33 206
18 35 326
18 36 192
18 37 206
18 40 305
18 41 239
18 45 187
18 47 491
18 48 282
19 21 240
19 22 301
19 24 285
19 25 478
19 26 156
19 27 180
19 28 385
19 29 267
19 30 392
19 31 143
19 34 175
19 35 28
19 39 265
19 45 56
19 46 239
19 47 473
19 48 15
19 49 459
19 50 259
20 22 179
20 24 424
20 26 229
20 27 330
20 28 221
20 29 270
20 30 216
20 31 304
20 33 108
20 34 404
20 36 196
20 38 254
20 41 110
20 43 446
20 48 188
20 49 433
21 22 480
21 24 340
21 25 399
21 26 131
21 28 266
21 30 37
21 32 343
21 37 70
21 40 90
21 41 288
21 43 497
21 44 423
21 45 231
21 47 71
21 50 94
22 24 137
22 25 170
22 26 205
22 27 294
22 29 178
22 30 17
22 33 287
22 34 273
22 35 150
22 37 366
22 38 295
22 40 329
22 42 200
22 43 255
22 44 449
22 45 65
22 46 312
22 47 169
22 50 226
23 24 394
23 26 48
23 29 384
23 31 392
23 32 447
23 34 424
23 37 221
23 40 84
23 44 207
23 46 379
23 47 348
23 48 118
24 25 178
24 26 270
24 28 91
24 29 92
24 30 167
24 31 476
24 32 57
24 35 85
24 40 153
24 41 199
24 44 67
24 45 445
24 46 393
24 47 357
24 49 153
25 27 443
25 29 306
25 30 322
25 31 56
25 34 7
25 35 344
25 38 312
25 39 315
25 43 67
25 45 496
25 46 249
25 47 280
25 48 181
26 29 376
26 30 294
26 31 414
26 33 78
26 36 405
26 41 91
26 42 459
26 45 153
26 46 310
26 47 97
26 50 499
27 29 165
27 33 32
27 34 216
27 38 302
27 40 97
27 41 342
27 42 32
27 43 191
27 44 95
27 48 9
27 50 450
28 29 233
28 30 250
28 33 201
28 34 62
28 35 17
28 37 113
28 40 76
28 41 79
28 42 23
28 43 203
28 44 13
28 47 438
29 30 171
29 31 359
29 33 199
29 34 202
29 35 165
29 37 277
29 38 415
29 39 446
29 40 21
29 42 163
29 44 453
29 45 465
29 46 49
29 48 485
30 31 362
30 32 291
30 34 234
30 35 167
30 37 82
30 39 202
30 40 345
30 42 466
30 43 421
30 46 347
30 47 203
30 48 136
30 49 125
31 32 265
31 33 98
31 34 431
31 35 268
31 37 26
31 38 349
31 41 76
31 43 42
31 45 118
31 46 423
31 47 461
31 49 363
31 50 380
32 34 478
32 35 464
32 36 379
32 39 206
32 40 19
32 42 176
32 46 314
32 48 282
33 35 122
33 38 467
33 39 245
33 40 1
33 42 406
33 45 195
33 49 323
33 50 285
34 36 50
34 37 239
34 40 421
34 41 197
34 42 45
34 44 291
34 45 51
34 46 241
34 49 32
34 50 177
35 36 444
35 37 173
35 38 464
35 41 472
35 42 418
35 49 373
35 50 413
36 38 154
36 39 177
36 40 352
36 41 70
36 42 40
36 43 167
36 44 86
36 45 336
36 48 291
36 50 62
37 38 189
37 41 162
37 44 342
37 46 380
37 50 409
38 41 448
38 43 270
38 44 267
38 45 43
38 46 103
38 48 71
38 49 480
38 50 486
39 40 256
39 41 217
39 47 481
39 49 122
39 50 62
40 41 76
40 44 497
40 46 161
40 49 326
41 44 133
41 47 463
41 48 201
41 49 442
41 50 115
42 43 293
42 44 188
42 46 362
42 47 8
42 49 101
42 50 251
43 44 122
43 49 411
43 50 362
44 46 291
44 47 205
45 47 431
45 48 195
45 49 488
45 50 223
46 47 347
46 48 218
46 50 154
47 50 65
48 49 81
