50 661
1 2 446
1 4 43
1 6 145
1 7 103
1 9 206
1 10 160
1 11 496
1 13 267
1 14 495
1 15 95
1 16 434
1 18 221
1 19 26
1 20 339
1 21 426
1 22 2
1 23 155
1 24 113
1 26 164
1 29 466
1 30 47
1 32 42
1 34 166
1 35 285
1 36 326
1 37 77
1 38 243
1 39 270
1 40 482
1 41 373
1 45 449
1 47 256
1 48 172
1 50 495
2 3 193
2 13 499
2 16 485
2 17 481
2 18 50
2 20 461
2 21 248
2 23 85
2 25 256
2 26 20
2 27 454
2 28 66
2 34 481
2 35 427
2 36 494
2 37 302
2 40 283
2 42 470
2 44 413
2 45 75
2 46 371
2 48 138
2 49 198
2 50 333
3 6 75
3 7 74
3 9 263
3 10 35
3 12 95
3 13 443
3 14 398
3 16 250
3 17 390
3 20 36
3 21 176
3 22 440
3 23 56
3 25 364
3 27 215
3 28 153
3 30 188
3 31 361
3 32 472
3 33 125
3 38 48
3 39 171
3 41 278
3 42 35
3 45 360
3 46 473
3 47 466
4 6 478
4 9 53
4 10 180
4 13 257
4 16 368
4 18 180
4 19 65
4 20 494
4 21 464
4 22 178
4 24 295
4 25 73
4 27 494
4 29 286
4 31 252
4 33 290
4 35 435
4 36 7
4 38 349
4 40 61
4 41 454
4 44 296
4 47 481
4 48 396
4 49 472
4 50 39
5 7 290
5 10 82
5 12 60
5 13 184
5 14 327
5 16 387
5 20 363
5 21 249
5 24 97
5 27 456
5 28 140
5 32 59
5 34 350
5 36 312
5 38 157
5 39 190
5 44 358
5 45 298
5 46 39
6 7 153
6 11 181
6 13 35
6 16 400
6 18 90
6 19 177
6 20 212
6 22 328
6 23 324
6 25 145
6 26 1
6 29 371
6 30 167
6 31 41
6 32 227
6 36 220
6 37 239
6 39 306
6 40 106
6 41 446
6 42 124
6 45 32
6 48 118
6 49 190
6 50 463
7 8 464
7 10 109
7 12 292
7 16 481
7 19 48
7 21 303
7 26 307
7 31 263
7 33 227
7 34 469
7 35 3
7 36 26
7 37 288
7 41 341
7 42 155
7 43 87
7 44 337
7 46 144
7 47 170
7 48 58
7 50 200
8 9 300
8 11 288
8 12 296
8 13 94
8 14 142
8 15 106
8 18 276
8 19 118
8 20 478
8 21 35
8 25 87
8 28 464
8 29 369
8 30 423
8 31 151
8 32 250
8 34 471
8 38 292
8 41 213
8 42 380
8 44 212
8 46 129
8 47 329
8 48 441
8 50 406
9 13 347
9 14 434
9 15 437
9 16 212
9 18 281
9 19 362
9 20 110
9 21 99
9 23 89
9 24 11
9 25 4
9 26 487
9 27 281
9 28 351
9 30 389
9 31 252
9 32 236
9 35 413
9 36 44
9 37 248
9 38 437
9 40 341
9 41 280
9 49 135
9 50 317
10 12 301
10 15 421
10 18 477
10 19 100
10 24 144
10 25 170
10 26 357
10 27 263
10 28 292
10 29 462
10 31 346
10 33 309
10 35 230
10 36 194
10 40 129
10 41 167
10 42 127
10 44 296
10 47 53
10 48 241
10 49 496
11 12 342
11 13 370
11 16 158
11 19 197
11 21 103
11 23 117
11 24 361
11 26 428
11 27 185
11 28 47
11 29 134
11 30 220
11 31 162
11 33 90
11 35 26
11 36 485
11 37 373
11 38 130
11 40 180
11 41 108
11 42 7
11 43 387
11 45 296
11 47 121
11 49 440
11 50 381
12 13 405
12 14 469
12 16 272
12 21 203
12 22 10
12 24 117
12 28 190
12 34 95
12 35 140
12 42 472
12 44 158
12 45 294
12 46 293
12 49 433
13 17 410
13 18 144
13 21 330
13 22 144
13 24 107
13 25 403
13 26 161
13 27 14
13 28 196
13 29 183
13 33 81
13 34 146
13 36 57
13 38 247
13 39 288
13 40 98
13 41 432
13 46 289
13 50 453
14 16 414
14 21 191
14 22 232
14 24 315
14 26 50
14 28 481
14 29 154
14 33 432
14 35 117
14 36 64
14 38 251
14 41 141
14 44 465
14 45 436
14 46 169
14 48 219
14 50 477
15 17 400
15 22 12
15 23 425
15 25 467
15 30 206
15 32 419
15 34 30
15 35 204
15 36 481
15 37 286
15 38 358
15 39 456
15 40 55
15 42 128
15 43 221
15 46 298
15 49 492
16 19 220
16 20 184
16 21 193
16 23 452
16 28 444
16 29 107
16 30 371
16 31 430
16 32 342
16 33 6
16 34 256
16 35 456
16 37 35
16 38 117
16 40 78
16 45 87
16 46 411
16 48 296
16 50 308
17 18 205
17 19 45
17 20 68
17 22 301
17 23 385
17 25 279
17 26 76
17 27 146
17 30 64
17 31 370
17 35 103
17 36 356
17 42 449
17 44 52
17 45 486
17 46 325
17 47 321
17 48 462
18 19 57
18 20 145
18 21 475
18 22 104
18 23 168
18 25 473
18 26 24
18 27 462
18 30 157
18 32 308
18 34 73
18 36 203
18 39 163
18 40 361
18 42 336
18 44 423
18 45 86
18 46 174
18 48 258
18 49 75
18 50 153
19 20 223
19 21 199
19 22 483
19 23 30
19 27 32
19 28 15
19 29 91
19 31 74
19 33 224
19 35 175
19 36 137
19 41 103
19 42 52
19 43 420
19 44 291
19 45 421
19 46 189
19 47 155
19 49 438
19 50 397
20 24 255
20 29 55
20 30 211
20 33 181
20 34 113
20 35 404
20 36 184
20 37 412
20 41 408
20 43 346
20 46 475
20 47 32
20 48 324
20 49 76
21 22 407
21 26 236
21 27 179
21 32 247
21 34 125
21 35 333
21 38 53
21 40 489
21 41 157
21 47 39
21 50 173
22 23 270
22 26 160
22 29 228
22 33 178
22 34 160
22 37 241
22 40 91
22 43 1
22 44 246
22 46 227
22 47 277
22 48 488
23 24 470
23 26 24
23 27 458
23 31 173
23 33 172
23 34 209
23 37 150
23 38 206
23 39 252
23 41 474
23 42 341
23 44 311
23 45 388
23 48 90
23 49 19
24 25 256
24 27 107
24 29 71
24 31 351
24 33 58
24 37 457
24 39 303
24 41 247
24 42 441
24 43 403
24 45 270
24 47 88
24 48 104
24 49 79
25 26 185
25 29 221
25 30 57
25 31 249
25 32 119
25 33 435
25 34 496
25 35 315
25 37 107
25 39 287
25 41 57
25 42 286
25 43 246
25 45 365
25 46 144
25 47 166
25 48 430
25 49 256
26 27 5
26 29 116
26 30 358
26 31 431
26 32 314
26 33 107
26 37 347
26 38 424
26 41 498
26 47 427
27 28 425
27 29 157
27 31 12
27 32 4
27 33 70
27 38 25
27 40 158
27 41 320
27 42 362
27 43 38
27 44 132
27 45 386
27 46 424
27 48 7
27 49 81
27 50 4
28 29 253
28 30 312
28 34 74
28 35 301
28 37 236
28 43 289
28 44 333
28 47 487
28 49 340
28 50 207
29 31 297
29 32 34
29 33 193
29 34 425
29 35 144
29 39 232
29 40 352
29 42 428
29 43 462
29 45 449
29 47 492
30 31 399
30 33 428
30 34 76
30 35 117
30 36 123
30 37 318
30 39 266
30 40 101
30 41 10
30 43 361
30 44 439
30 50 280
31 32 417
31 34 77
31 35 443
31 37 430
31 41 250
31 42 385
31 44 41
31 45 279
31 49 215
32 34 312
32 35 45
32 37 253
32 40 488
32 44 221
32 45 205
32 47 91
32 49 408
33 35 461
33 37 28
33 40 201
33 41 472
33 42 230
33 44 495
33 45 388
33 48 139
34 35 328
34 36 66
34 37 419
34 38 116
34 41 185
34 42 62
34 44 158
34 46 165
34 47 397
34 48 156
34 49 128
34 50 450
35 36 371
35 38 200
35 39 266
35 40 461
35 42 119
35 43 290
35 44 319
35 45 236
35 46 64
35 47 132
35 48 181
35 50 336
36 41 396
36 42 36
36 44 301
36 46 153
36 47 448
36 50 38
37 41 144
37 43 54
37 44 273
37 45 293
37 47 386
37 48 470
37 49 382
37 50 85
38 40 457
38 41 198
38 43 128
38 44 276
38 48 273
38 49 243
39 40 74
39 43 194
39 44 218
39 45 105
39 46 132
39 47 448
39 49 189
40 41 423
40 43 244
40 46 199
40 47 141
40 49 413
41 46 88
41 48 281
41 49 343
42 44 129
42 45 288
43 44 107
43 45 72
43 48 438
43 49 23
44 45 82
44 46 71
44 47 76
44 48 117
45 46 341
45 48 406
45 49 46
45 50 265
46 48 371
48 49 155
