50 639
1 2 333
1 3 423
1 5 440
1 6 319
1 7 122
1 8 155
1 9 80
1 10 89
1 13 180
1 14 271
1 15 397
1 18 79
1 19 217
1 21 296
1 23 414
1 24 68
1 25 496
1 26 270
1 27 269
1 29 391
1 31 206
1 32 176
1 36 31
1 38 149
1 39 165
1 40 244
1 43 455
1 44 381
1 46 428
2 4 132
2 8 449
2 9 433
2 10 321
2 11 406
2 13 410
2 15 213
2 16 149
2 19 160
2 20 99
2 21 170
2 23 202
2 25 80
2 26 314
2 27 382
2 32 186
2 33 263
2 34 391
2 36 382
2 40 217
2 41 84
2 42 408
2 43 317
2 44 468
2 45 453
2 48 378
2 49 427
2 50 54
3 6 111
3 7 344
3 8 485
3 10 71
3 11 135
3 12 229
3 13 224
3 17 495
3 18 65
3 20 442
3 22 396
3 25 130
3 26 16
3 28 137
3 29 420
3 31 490
3 33 84
3 34 371
3 36 192
3 38 187
3 41 332
3 42 165
3 43 337
4 6 89
4 9 231
4 11 379
4 13 71
4 14 230
4 15 87
4 16 55
4 18 220
4 23 18
4 24 275
4 27 453
4 28 142
4 31 406
4 32 28
4 33 3
4 36 178
4 39 108
4 41 336
4 42 480
4 43 263
4 44 245
4 48 136
4 49 312
4 50 324
5 8 297
5 9 182
5 10 264
5 12 29
5 13 420
5 14 429
5 17 40
5 19 297
5 21 105
5 25 217
5 29 350
5 32 312
5 34 340
5 37 464
5 40 274
5 42 72
5 43 51
5 44 19
5 46 467
5 47 8
5 49 333
6 11 343
6 16 185
6 18 69
6 23 8
6 25 26
6 26 364
6 29 295
6 31 170
6 32 491
6 34 145
6 38 400
6 41 173
6 42 270
6 43 20
6 44 71
6 45 443
6 46 80
6 47 30
7 9 216
7 11 207
7 12 480
7 13 83
7 15 33
7 18 226
7 20 495
7 22 50
7 26 290
7 28 34
7 29 428
7 30 59
7 31 326
7 32 332
7 33 128
7 37 271
7 40 163
7 41 476
7 43 249
7 46 191
7 47 204
7 49 16
8 10 478
8 15 380
8 16 472
8 25 459
8 26 206
8 28 270
8 29 58
8 31 477
8 32 279
8 36 389
8 41 145
8 43 127
8 45 430
8 46 333
8 47 357
8 50 351
9 10 129
9 11 73
9 13 120
9 15 180
9 17 125
9 20 118
9 21 210
9 22 22
9 25 329
9 28 68
9 29 341
9 30 78
9 31 365
9 34 203
9 37 130
9 38 414
9 39 378
9 40 447
9 41 2
9 45 248
9 48 98
9 50 47
10 15 165
10 16 484
10 17 33
10 19 163
10 20 379
10 24 219
10 25 482
10 26 149
10 27 130
10 28 473
10 29 342
10 33 63
10 34 173
10 35 364
10 37 232
10 41 316
10 44 98
10 46 498
10 47 425
10 50 88
11 12 177
11 13 252
11 15 451
11 16 194
11 17 207
11 18 103
11 19 41
11 21 356
11 23 304
11 26 84
11 27 173
11 30 402
11 32 183
11 33 369
11 34 206
11 38 447
11 39 257
11 40 49
11 43 215
11 45 202
11 47 287
11 49 148
12 14 345
12 15 323
12 16 29
12 18 234
12 19 54
12 22 183
12 26 8
12 27 69
12 29 270
12 31 334
12 32 451
12 33 426
12 34 137
12 36 166
12 37 367
12 38 371
12 39 496
12 40 288
12 41 199
12 42 46
12 43 257
12 44 415
12 45 467
12 47 15
12 48 407
12 50 358
13 16 245
13 17 213
13 20 364
13 21 277
13 23 475
13 31 371
13 33 384
13 36 170
13 37 67
13 38 365
13 39 469
13 45 347
13 49 422
13 50 240
14 16 93
14 17 111
14 19 53
14 25 232
14 26 107
14 27 468
14 28 330
14 31 398
14 34 3
14 35 271
14 37 364
14 38 429
14 40 482
14 41 208
14 42 173
14 44 405
14 47 417
14 49 212
14 50 82
15 16 442
15 17 419
15 19 190
15 21 331
15 23 214
15 26 455
15 27 394
15 29 77
15 30 479
15 31 327
15 32 128
15 33 386
15 38 51
15 40 289
15 46 130
15 48 92
15 50 120
16 18 377
16 19 78
16 21 117
16 22 182
16 25 365
16 26 442
16 27 163
16 29 111
16 30 308
16 31 87
16 35 157
16 36 13
16 38 263
16 39 471
16 40 452
16 41 235
16 42 403
16 45 274
16 46 229
16 48 339
16 49 153
16 50 122
17 20 57
17 26 203
17 28 432
17 30 292
17 34 68
17 36 150
17 38 185
17 39 224
17 42 96
17 43 203
17 44 441
17 46 491
17 47 108
17 48 186
17 49 182
18 19 473
18 20 36
18 21 381
18 22 92
18 23 74
18 24 429
18 25 30
18 29 360
18 32 279
18 33 300
18 35 291
18 36 181
18 38 41
18 40 222
18 41 101
18 43 413
18 44 292
18 49 418
18 50 302
19 20 432
19 21 168
19 22 360
19 23 270
19 25 160
19 26 369
19 29 47
19 30 252
19 32 352
19 33 377
19 35 169
19 36 202
19 38 72
19 39 304
19 41 472
19 42 220
19 44 380
19 47 75
20 21 255
20 23 50
20 24 120
20 26 232
20 28 444
20 30 27
20 32 276
20 34 250
20 38 464
20 40 174
20 41 144
20 42 113
20 43 255
20 44 117
20 48 280
20 50 86
21 22 121
21 23 383
21 26 242
21 27 209
21 30 82
21 31 62
21 32 438
21 34 359
21 36 79
21 37 108
21 40 377
21 41 131
21 43 251
21 44 485
21 45 196
22 23 411
22 25 473
22 27 263
22 28 234
22 29 94
22 31 478
22 32 26
22 34 298
22 35 220
22 37 245
22 38 374
22 39 115
22 43 293
22 44 332
22 45 145
22 48 92
22 50 462
23 24 398
23 26 201
23 27 487
23 30 110
23 35 345
23 36 307
23 37 42
23 38 146
23 39 206
23 40 94
23 41 367
23 42 37
23 43 316
23 44 435
23 45 344
23 46 199
23 47 303
23 50 95
24 27 493
24 34 325
24 35 285
24 36 482
24 38 350
24 39 142
24 40 351
24 41 268
24 42 199
24 46 478
24 47 489
25 26 304
25 27 169
25 29 490
25 31 275
25 34 450
25 36 92
25 39 430
25 41 308
25 45 61
25 46 477
25 47 118
25 48 119
25 49 18
25 50 145
26 27 438
26 28 312
26 30 328
26 31 308
26 36 315
26 37 68
26 38 341
26 39 340
26 42 274
26 44 117
26 46 411
26 50 14
27 29 452
27 31 39
27 34 219
27 37 60
27 40 281
27 43 47
27 44 269
27 45 211
27 47 323
27 49 302
28 29 331
28 32 239
28 34 453
28 35 404
28 37 25
28 39 298
28 41 344
28 43 492
28 45 139
28 47 385
28 48 126
28 49 337
28 50 264
29 30 73
29 32 479
29 33 56
29 34 371
29 35 286
29 37 310
29 38 117
29 39 463
29 40 134
29 42 208
29 44 270
29 45 385
29 46 214
29 47 396
29 48 50
29 50 42
30 32 375
30 33 296
30 34 115
30 36 202
30 38 309
30 41 435
30 42 482
30 43 194
30 44 414
30 46 310
31 39 474
31 41 291
31 42 125
31 43 12
31 44 417
31 49 310
32 33 233
32 36 436
32 39 317
32 42 12
32 43 4
32 44 160
32 45 144
32 46 47
33 34 295
33 40 302
33 41 292
33 42 221
33 44 279
33 46 69
33 48 64
33 49 75
33 50 215
34 35 465
34 36 346
34 37 115
34 43 99
34 44 238
34 45 315
34 46 194
34 48 415
34 49 109
34 50 477
35 36 55
35 41 308
35 48 56
35 49 162
35 50 391
36 39 435
36 40 38
36 41 462
36 42 300
36 43 42
36 46 28
36 47 474
36 48 344
36 49 89
36 50 397
37 38 269
37 40 7
37 43 21
37 49 59
37 50 80
38 42 403
38 43 250
38 44 370
38 46 475
38 47 365
38 48 320
38 49 277
38 50 431
39 43 210
39 46 240
39 47 482
39 48 484
39 49 144
40 41 324
40 42 430
40 43 355
40 45 330
40 47 257
40 48 183
41 42 167
41 43 333
41 49 376
41 50 150
43 44 405
43 45 214
43 47 344
43 48 188
44 47 209
44 48 405
44 49 356
44 50 394
45 46 178
45 47 348
45 48 469
46 48 290
46 49 96
46 50 121
47 49 334
47 50 291
