50 620
1 2 302
1 3 71
1 4 219
1 6 417
1 10 71
1 11 462
1 12 122
1 13 467
1 14 388
1 15 157
1 16 376
1 18 279
1 20 285
1 21 268
1 26 26
1 27 460
1 28 382
1 29 154
1 31 393
1 32 66
1 35 146
1 37 283
1 41 319
1 43 331
1 44 363
1 47 179
1 49 378
2 6 71
2 7 88
2 8 297
2 9 457
2 14 377
2 15 24
2 17 49
2 19 189
2 20 84
2 22 481
2 23 82
2 24 458
2 25 270
2 27 87
2 28 370
2 29 466
2 30 380
2 34 472
2 39 306
2 40 223
2 41 52
2 43 310
2 50 242
3 8 349
3 11 26
3 14 259
3 16 227
3 17 355
3 18 188
3 20 168
3 21 339
3 22 281
3 23 86
3 24 344
3 27 242
3 29 412
3 30 218
3 31 104
3 32 23
3 41 81
3 43 397
3 44 24
3 46 82
3 47 210
3 50 222
4 5 473
4 6 284
4 7 76
4 9 479
4 12 435
4 13 372
4 14 33
4 15 87
4 17 17
4 19 391
4 20 287
4 25 28
4 27 233
4 30 347
4 31 459
4 34 176
4 37 281
4 38 398
4 39 241
4 40 243
4 41 237
4 42 469
4 43 189
4 45 62
4 46 388
4 47 176
4 50 114
5 9 238
5 16 251
5 18 494
5 19 31
5 22 290
5 24 172
5 25 179
5 27 445
5 28 256
5 29 459
5 30 253
5 33 499
5 34 291
5 36 358
5 39 476
5 41 283
5 43 74
5 44 185
5 45 314
5 47 256
5 48 310
5 49 467
6 11 253
6 13 389
6 14 498
6 15 63
6 17 345
6 18 76
6 19 398
6 20 138
6 21 225
6 23 131
6 25 207
6 27 476
6 32 1
6 39 104
6 45 72
6 47 75
6 48 225
6 49 93
7 9 492
7 10 418
7 11 438
7 12 121
7 13 79
7 14 451
7 16 55
7 17 375
7 18 154
7 22 303
7 24 377
7 26 427
7 27 72
7 28 47
7 31 257
7 32 217
7 33 441
7 35 392
7 36 383
7 39 382
7 40 433
7 41 231
7 44 372
7 46 128
7 48 452
7 49 24
8 14 76
8 15 77
8 16 104
8 17 464
8 18 273
8 19 229
8 20 345
8 21 470
8 23 121
8 25 176
8 26 26
8 27 345
8 30 449
8 31 499
8 33 348
8 34 6
8 35 3
8 39 178
8 41 301
8 43 477
8 44 422
8 45 160
8 46 126
8 48 9
8 49 207
8 50 427
9 10 156
9 11 460
9 13 439
9 18 251
9 19 245
9 20 451
9 22 429
9 24 250
9 26 375
9 28 383
9 29 99
9 32 146
9 34 198
9 36 118
9 37 163
9 39 191
9 43 411
9 45 6
9 46 482
9 48 491
9 49 25
9 50 59
10 15 448
10 16 121
10 18 238
10 20 328
10 22 70
10 25 254
10 31 87
10 32 334
10 34 171
10 37 145
10 40 175
10 41 355
10 42 118
10 47 205
10 50 163
11 12 273
11 13 429
11 18 168
11 19 65
11 24 384
11 25 469
11 26 372
11 27 19
11 29 2
11 30 480
11 31 212
11 32 410
11 34 365
11 35 346
11 37 291
11 39 381
11 40 306
11 42 467
11 45 139
12 16 275
12 17 105
12 18 232
12 20 460
12 21 97
12 24 175
12 25 289
12 31 470
12 32 20
12 33 37
12 35 384
12 37 55
12 39 13
12 41 157
12 42 261
12 46 72
12 47 89
12 49 155
13 14 51
13 15 40
13 16 477
13 21 321
13 22 29
13 25 490
13 27 157
13 28 434
13 30 62
13 31 246
13 32 82
13 33 176
13 34 35
13 38 273
13 39 46
13 40 372
13 41 11
13 42 154
13 44 265
13 45 182
13 49 453
13 50 27
14 16 231
14 18 312
14 20 221
14 21 435
14 25 160
14 27 314
14 28 118
14 29 454
14 32 124
14 33 283
14 35 202
14 36 163
14 38 362
14 40 90
14 43 327
14 44 233
14 46 392
14 47 304
14 48 131
14 49 62
14 50 275
15 17 59
15 18 382
15 21 441
15 23 168
15 24 52
15 25 193
15 27 99
15 30 82
15 31 63
15 32 448
15 38 354
15 40 157
15 41 408
15 42 186
15 44 148
15 45 461
15 47 154
15 48 294
15 49 124
15 50 288
16 18 350
16 19 245
16 20 230
16 21 202
16 25 228
16 29 103
16 30 235
16 34 250
16 35 301
16 36 310
16 39 217
16 40 194
16 41 353
16 43 460
16 44 49
16 45 434
16 47 470
16 48 22
17 19 32
17 20 233
17 21 480
17 26 486
17 28 167
17 29 293
17 33 226
17 36 282
17 37 355
17 38 302
17 40 334
17 42 137
17 46 221
17 49 123
17 50 27
18 21 71
18 23 382
18 25 441
18 27 135
18 28 354
18 29 389
18 30 178
18 31 266
18 34 111
18 35 6
18 36 418
18 38 184
18 39 415
18 42 101
18 44 199
18 45 87
18 47 498
18 50 208
19 27 11
19 28 117
19 30 12
19 32 332
19 34 196
19 36 334
19 38 198
19 39 336
19 40 407
19 42 392
19 45 382
19 46 158
19 48 168
19 50 179
20 21 133
20 22 435
20 28 473
20 30 87
20 33 296
20 39 315
20 40 181
20 43 217
20 45 99
20 49 499
21 22 250
21 23 325
21 25 122
21 27 88
21 28 408
21 29 186
21 31 37
21 32 99
21 34 93
21 35 58
21 37 233
21 38 151
21 42 38
21 43 218
21 45 355
21 47 432
21 49 176
21 50 196
22 23 107
22 30 416
22 33 336
22 34 260
22 36 411
22 37 319
22 38 338
22 39 243
22 41 332
22 42 234
22 44 207
22 45 431
22 46 75
23 25 295
23 27 333
23 28 349
23 33 37
23 34 288
23 40 200
23 42 21
23 45 311
23 46 474
24 27 164
24 28 445
24 30 259
24 31 441
24 35 193
24 37 257
24 39 313
24 40 413
24 41 268
24 42 283
24 44 258
24 45 60
24 47 203
24 48 365
25 26 382
25 28 437
25 30 418
25 31 111
25 32 377
25 37 153
25 38 40
25 39 11
25 40 249
25 41 403
25 43 383
25 45 28
25 46 152
25 48 277
25 49 142
26 27 398
26 30 441
26 31 307
26 32 416
26 33 85
26 34 190
26 35 206
26 38 254
26 40 281
26 45 91
26 46 261
26 48 72
26 50 340
27 32 74
27 34 278
27 37 169
27 38 387
27 41 480
27 44 188
27 48 446
27 49 188
28 29 241
28 32 17
28 36 351
28 39 219
28 40 261
28 46 188
28 48 491
28 49 435
29 31 2
29 33 444
29 34 85
29 35 216
29 36 32
29 37 443
29 38 371
29 39 359
29 40 190
29 44 29
29 46 20
29 49 127
30 31 28
30 34 458
30 35 453
30 39 345
30 40 339
30 44 203
30 46 387
30 47 215
30 48 51
31 32 309
31 34 137
31 36 88
31 37 196
31 40 409
31 41 239
31 43 356
31 44 451
31 45 192
31 46 9
32 37 323
32 38 460
32 39 261
32 40 285
32 41 236
32 42 454
32 43 427
32 48 433
32 50 403
33 36 304
33 40 225
33 41 245
33 42 67
33 43 39
33 45 323
33 47 342
33 48 27
34 35 206
34 37 416
34 38 220
34 41 351
34 42 77
34 48 8
35 36 208
35 39 109
35 40 405
35 41 35
35 42 466
35 43 10
35 47 475
35 48 188
35 49 379
35 50 400
36 39 54
36 43 101
36 44 408
36 46 313
36 49 88
36 50 27
37 38 1
37 46 109
37 48 97
37 49 432
38 39 264
38 40 70
38 41 255
38 43 163
38 44 8
38 45 276
38 47 141
38 50 1
39 40 134
39 41 492
39 43 378
39 44 252
39 45 383
39 46 75
39 48 492
39 49 55
40 43 429
40 45 139
40 46 206
40 47 363
40 48 329
41 42 370
41 43 135
41 44 46
41 45 317
41 46 240
41 47 326
42 43 179
42 46 296
42 47 23
42 48 322
42 49 485
42 50 59
43 44 254
43 45 198
43 46 92
43 49 465
44 47 299
44 48 91
45 46 96
45 47 185
45 49 465
45 50 61
46 47 263
49 50 116
