50 666
1 3 5
1 5 415
1 6 161
1 7 132
1 9 26
1 13 25
1 14 192
1 18 393
1 19 54
1 21 248
1 22 329
1 24 203
1 25 475
1 29 256
1 30 292
1 33 293
1 34 304
1 36 273
1 39 235
1 41 288
1 42 104
1 44 211
1 45 111
1 47 290
1 48 44
1 49 490
2 6 396
2 7 443
2 13 214
2 14 385
2 16 476
2 18 210
2 19 160
2 20 155
2 21 311
2 23 423
2 24 267
2 32 136
2 33 285
2 34 93
2 35 480
2 37 235
2 40 16
2 44 423
2 45 286
2 48 167
2 49 35
3 4 414
3 5 389
3 6 114
3 8 240
3 9 333
3 10 14
3 11 419
3 12 104
3 15 113
3 16 425
3 19 226
3 20 27
3 22 193
3 25 92
3 27 480
3 29 135
3 32 12
3 36 251
3 38 177
3 39 440
3 41 476
3 44 22
3 45 386
3 47 22
3 48 319
3 50 231
4 5 342
4 6 225
4 7 206
4 9 235
4 10 300
4 11 99
4 12 213
4 14 42
4 15 295
4 16 435
4 17 111
4 20 120
4 24 499
4 25 146
4 26 372
4 27 150
4 28 114
4 29 292
4 31 168
4 32 286
4 33 479
4 35 414
4 38 160
4 41 410
4 42 112
4 43 490
4 45 363
4 49 166
5 7 243
5 9 238
5 10 128
5 11 224
5 12 290
5 13 287
5 14 424
5 20 295
5 22 303
5 24 496
5 25 211
5 26 33
5 29 385
5 31 195
5 33 418
5 36 20
5 40 179
5 41 367
5 44 167
5 47 270
5 50 473
6 7 264
6 8 333
6 9 391
6 10 155
6 11 176
6 14 276
6 15 159
6 16 400
6 17 297
6 18 223
6 19 128
6 22 417
6 23 291
6 24 280
6 25 7
6 26 489
6 27 261
6 28 229
6 30 14
6 31 161
6 35 390
6 36 396
6 38 193
6 41 239
6 42 294
6 43 267
6 45 269
6 47 37
6 49 136
6 50 279
7 10 7
7 11 415
7 12 79
7 13 149
7 14 463
7 15 4
7 18 92
7 21 51
7 22 151
7 23 468
7 24 393
7 25 356
7 27 491
7 31 309
7 32 402
7 33 405
7 35 147
7 36 315
7 37 359
7 40 368
7 43 289
7 45 109
7 47 242
7 48 50
7 49 142
8 13 61
8 14 480
8 15 75
8 16 465
8 21 426
8 22 441
8 23 178
8 31 216
8 32 347
8 33 339
8 34 390
8 35 327
8 37 286
8 38 247
8 41 351
8 43 70
8 47 127
8 48 34
8 49 492
9 11 257
9 13 472
9 15 89
9 17 133
9 20 159
9 23 242
9 25 5
9 26 332
9 29 215
9 31 484
9 32 183
9 35 204
9 37 250
9 39 123
9 41 59
9 42 66
9 45 234
9 47 343
9 48 169
9 49 265
9 50 431
10 11 143
10 14 46
10 18 15
10 20 250
10 23 351
10 24 108
10 25 423
10 26 65
10 29 393
10 32 338
10 33 437
10 34 78
10 35 436
10 39 375
10 41 438
10 42 466
10 45 56
10 49 226
11 12 314
11 13 286
11 15 224
11 17 261
11 19 364
11 20 448
11 21 126
11 23 259
11 24 244
11 26 77
11 29 471
11 30 343
11 32 28
11 34 314
11 35 88
11 36 121
11 38 411
11 40 178
11 41 234
11 47 332
11 48 422
11 50 474
12 14 95
12 15 196
12 19 286
12 22 306
12 28 343
12 32 76
12 35 462
12 36 127
12 37 273
12 40 138
12 41 393
12 42 9
12 43 476
12 45 60
12 46 356
12 47 115
12 49 458
12 50 259
13 15 334
13 16 287
13 18 274
13 19 429
13 22 129
13 23 1
13 24 344
13 25 271
13 26 214
13 28 497
13 30 390
13 31 459
13 33 495
13 34 266
13 35 39
13 37 476
13 39 184
13 40 102
13 41 58
13 43 79
13 44 63
13 45 9
13 47 323
13 48 288
14 15 148
14 16 420
14 20 73
14 21 31
14 24 10
14 28 27
14 29 463
14 31 368
14 35 259
14 36 99
14 38 278
14 39 406
14 42 346
14 43 388
14 44 76
14 45 415
14 46 245
14 47 494
15 17 12
15 18 239
15 20 473
15 23 76
15 24 497
15 25 21
15 29 343
15 31 419
15 32 261
15 33 120
15 34 297
15 36 281
15 37 19
15 38 436
15 39 424
15 40 43
15 44 98
15 45 393
15 49 479
15 50 407
16 18 282
16 22 104
16 24 384
16 26 232
16 28 52
16 29 260
16 30 188
16 31 95
16 32 475
16 36 76
16 39 393
16 40 110
16 41 119
16 44 374
16 45 452
16 46 164
16 47 26
16 48 376
16 49 435
17 21 381
17 23 453
17 25 372
17 27 448
17 28 430
17 29 417
17 32 452
17 33 169
17 34 2
17 35 276
17 36 499
17 41 306
17 44 158
17 46 293
17 48 317
17 49 92
17 50 479
18 20 431
18 22 44
18 24 97
18 27 173
18 28 481
18 29 491
18 30 321
18 33 18
18 34 87
18 35 309
18 37 99
18 38 402
18 39 421
18 40 195
18 42 242
18 43 7
18 46 388
18 47 493
18 49 253
19 22 265
19 23 275
19 24 428
19 26 15
19 27 37
19 30 45
19 32 203
19 34 209
19 35 57
19 36 187
19 39 115
19 40 455
19 43 295
19 48 83
20 22 46
20 23 437
20 26 456
20 28 298
20 29 333
20 31 148
20 36 431
20 38 223
20 40 156
20 42 126
20 45 221
20 46 220
20 48 245
20 49 494
20 50 17
21 23 364
21 26 133
21 29 363
21 33 275
21 38 269
21 40 488
21 44 437
21 45 51
21 46 56
21 47 1
21 48 91
21 49 381
22 24 295
22 25 269
22 27 321
22 29 482
22 30 478
22 32 470
22 33 314
22 34 192
22 36 106
22 37 134
22 39 372
22 40 411
22 42 343
22 43 242
22 44 376
22 45 352
22 50 408
23 24 398
23 26 106
23 28 279
23 30 123
23 31 267
23 34 369
23 35 130
23 36 96
23 37 109
23 38 87
23 40 181
23 41 447
23 42 375
23 44 273
23 45 232
23 48 126
23 49 173
24 28 489
24 30 362
24 33 81
24 34 108
24 36 39
24 38 76
24 39 94
24 40 297
24 41 73
24 46 165
24 48 335
24 49 441
25 26 208
25 27 385
25 30 221
25 37 9
25 38 463
25 40 475
25 41 377
25 42 287
25 43 155
25 44 136
25 45 334
25 46 359
25 49 475
26 27 231
26 28 387
26 31 381
26 33 168
26 40 455
26 42 387
26 44 261
26 45 447
26 46 222
26 47 251
26 48 326
26 50 31
27 28 6
27 29 476
27 30 485
27 32 345
27 33 304
27 34 464
27 35 282
27 36 282
27 38 254
27 39 64
27 40 123
27 41 229
27 42 179
27 46 430
27 48 175
27 49 382
27 50 440
28 31 295
28 32 82
28 34 195
28 35 117
28 37 478
28 38 462
28 39 52
28 41 231
28 42 20
28 44 449
28 45 228
28 46 380
28 48 320
28 49 400
29 30 196
29 34 399
29 36 494
29 40 343
29 42 141
29 43 245
29 44 262
29 46 142
29 47 386
29 49 406
29 50 286
30 31 468
30 32 264
30 33 311
30 34 291
30 35 198
30 36 69
30 43 496
30 44 50
30 45 459
30 47 374
30 48 380
31 34 137
31 36 28
31 37 378
31 39 353
31 42 488
31 43 95
31 44 31
31 47 326
31 48 254
31 49 136
31 50 183
32 33 296
32 35 210
32 36 338
32 37 483
32 38 56
32 39 124
32 40 265
32 43 202
32 46 462
32 47 107
32 48 151
32 50 350
33 34 139
33 35 86
33 36 39
33 37 145
33 39 160
33 41 386
33 42 215
33 44 428
33 45 84
33 46 105
33 47 313
33 48 455
33 49 47
34 39 44
34 41 82
34 43 210
34 45 98
34 47 460
34 48 409
34 49 400
35 36 31
35 38 263
35 40 284
35 41 146
35 45 214
35 47 122
35 48 48
35 49 268
36 38 305
36 40 122
36 42 22
36 43 306
36 45 166
36 50 368
37 38 244
37 39 40
37 41 320
37 42 209
37 47 123
37 49 8
38 39 208
38 40 455
38 41 375
38 42 362
38 45 459
38 46 149
38 49 220
38 50 489
39 40 89
39 41 184
39 42 179
39 43 25
39 44 28
39 46 430
39 49 264
40 42 27
40 43 153
40 44 443
40 47 331
40 48 218
40 49 159
41 46 450
41 47 354
41 48 314
41 49 108
42 43 272
42 44 292
42 45 264
42 46 211
42 48 43
42 49 473
43 44 321
43 45 90
43 46 403
43 48 53
43 49 184
44 45 315
44 47 255
44 48 484
45 49 250
46 48 66
46 49 468
46 50 403
47 48 421
48 49 358
49 50 464
